100
1 10000000 3
1 10000000 3
1 10000000 3
1 10000000 3
1 10000000 3
1 10000000 3
1 10000000 3
1 10000000 3
1 10000000 3
1 10000000 3
1 10000000 3
1 10000000 3
1 10000000 3
1 10000000 3
1 10000000 3
1 10000000 3
1 10000000 3
1 10000000 3
1 10000000 3
1 10000000 3
1 10000000 3
1 10000000 3
1 10000000 3
1 10000000 3
1 10000000 3
1 10000000 3
1 10000000 3
1 10000000 3
1 10000000 3
1 10000000 3
1 10000000 3
1 10000000 3
1 10000000 3
1 10000000 3
1 10000000 3
1 10000000 3
1 10000000 3
1 10000000 3
1 10000000 3
1 10000000 3
1 10000000 3
1 10000000 3
1 10000000 3
1 10000000 3
1 10000000 3
1 10000000 3
1 10000000 3
1 10000000 3
1 10000000 3
1 10000000 3
1 10000000 3
1 10000000 3
1 10000000 3
1 10000000 3
1 10000000 3
1 10000000 3
1 10000000 3
1 10000000 3
1 10000000 3
1 10000000 3
1 10000000 3
1 10000000 3
1 10000000 3
1 10000000 3
1 10000000 3
1 10000000 3
1 10000000 3
1 10000000 3
1 10000000 3
1 10000000 3
1 10000000 3
1 10000000 3
1 10000000 3
1 10000000 3
1 10000000 3
1 10000000 3
1 10000000 3
1 10000000 3
1 10000000 3
1 10000000 3
1 10000000 3
1 10000000 3
1 10000000 3
1 10000000 3
1 10000000 3
1 10000000 3
1 10000000 3
1 10000000 3
1 10000000 3
1 10000000 3
1 10000000 3
1 10000000 3
1 10000000 3
1 10000000 3
1 10000000 3
1 10000000 3
1 10000000 3
1 10000000 3
1 10000000 3
1 10000000 3
