1000
17
314 282 428 808 325 123 759 669 247 604 443 813 323 346 456 588 129
17
11 936 475 480 875 393 751 585 43 543 932 437 575 526 813 847 34
18
223 625 489 475 901 302 841 665 679 448 348 602 761 104 776 845 700 951
19
514 959 91 92 941 418 746 866 324 518 859 569 354 476 299 336 37 958 930
18
101 621 643 368 131 106 33 610 36 329 951 286 318 224 838 319 583 237
19
284 759 436 76 392 217 45 234 219 503 172 710 995 941 489 566 672 184 48
18
413 152 440 217 254 233 234 622 666 14 719 776 959 928 680 156 839 628
18
698 449 953 181 341 684 488 531 154 349 923 467 153 793 237 176 444 848
18
213 281 1 995 82 259 113 467 100 889 485 398 735 259 954 962 107 263
20
494 185 889 957 671 797 103 420 607 406 578 861 449 873 602 359 145 626 409 279
19
515 299 462 97 82 410 816 439 123 425 325 227 795 531 317 94 741 867 723
19
914 673 210 904 520 213 508 730 754 217 313 200 91 201 759 215 469 392 997
19
696 233 896 157 294 291 558 179 865 51 841 238 140 734 564 445 337 325 900
19
918 699 267 307 677 353 895 384 850 113 124 388 859 203 168 552 263 443 954
20
503 154 378 220 575 619 993 766 527 690 971 875 750 674 39 993 236 729 120 712
17
450 201 988 526 469 910 290 90 510 844 761 237 743 942 400 432 998
16
563 950 632 92 305 222 320 749 432 786 749 287 158 313 429 713
16
149 248 110 829 494 556 751 920 467 548 728 802 806 870 535 325
16
992 153 647 243 927 156 254 619 330 512 407 799 906 240 767 787
20
56 719 857 724 328 990 831 931 893 407 795 308 174 963 996 973 518 390 181 172
16
19 310 246 408 276 512 797 461 624 392 979 848 386 28 932 660
18
438 924 405 438 281 600 24 712 261 34 554 433 672 451 881 899 203 575
18
256 780 11 458 512 956 401 734 642 487 919 443 843 788 905 363 418 599
17
507 245 338 801 227 70 768 204 116 517 251 404 150 270 628 788 972
17
603 426 894 334 255 886 584 764 192 564 562 903 980 409 47 966 417
16
581 753 816 498 517 117 368 977 803 501 613 333 991 703 343 998
19
526 282 495 635 664 420 247 861 59 305 89 674 339 393 763 56 84 189 720
19
938 436 59 775 80 81 100 739 396 970 527 898 527 82 769 267 320 571 103
18
438 719 32 716 671 149 389 197 805 2 405 287 302 472 904 908 566 486
19
549 847 783 656 8 777 382 793 585 313 963 390 803 887 178 790 779 914 404
18
865 620 315 211 322 442 618 387 219 233 225 70 36 139 507 905 939 332
18
650 136 818 663 335 409 550 542 430 482 970 423 593 257 695 958 123 552
15
271 826 644 657 86 131 469 737 453 250 44 897 522 97 273
16
816 182 463 558 698 566 872 680 397 387 52 76 683 501 417 690
16
37 266 679 335 520 54 628 11 434 831 702 755 129 150 4 901
19
229 864 673 906 212 346 270 277 802 878 857 801 7 126 184 869 299 851 357
17
542 605 205 765 401 110 865 533 410 261 386 767 925 815 781 178 965
18
998 893 719 640 610 215 369 319 455 503 693 231 612 372 90 222 102 57
19
297 586 456 455 789 175 606 59 620 63 311 52 306 186 66 748 887 836 301
19
109 67 158 509 941 473 62 77 607 912 294 420 864 368 756 162 826 782 983
18
845 984 801 201 933 662 417 164 7 997 193 833 861 809 566 900 468 114
19
126 20 553 847 971 383 625 871 947 841 617 681 657 934 928 546 484 199 176
19
964 952 785 285 1 979 502 703 951 665 309 642 870 59 542 993 526 659 662
20
433 732 526 912 921 881 785 263 277 443 960 168 682 912 96 349 193 376 670 964
20
945 671 95 249 960 923 331 800 818 654 287 766 26 158 341 163 824 191 43 580
19
502 585 297 443 757 315 511 963 548 292 492 946 820 31 45 580 392 41 878
19
158 118 602 722 549 537 395 622 668 986 223 160 420 976 522 344 43 209 285
16
28 951 938 881 332 749 852 258 63 450 532 50 186 92 782 777
18
930 416 762 527 516 238 135 44 151 681 843 997 534 164 174 621 246 785
18
249 413 914 35 715 809 379 288 395 23 543 526 262 424 126 162 523 452
20
508 674 114 986 738 504 815 105 897 959 848 75 953 707 338 703 888 615 419 322
16
177 269 695 801 636 739 427 877 829 676 890 655 836 126 977 65
17
43 633 29 155 781 358 931 876 929 242 4 627 533 399 757 185 843
16
342 917 582 723 429 447 848 89 921 258 247 741 890 192 73 284
19
357 949 806 990 595 736 374 521 265 443 582 47 281 244 423 780 120 711 1
16
417 581 856 913 610 268 848 788 820 409 106 390 730 678 988 822
19
409 904 497 279 996 536 382 633 438 195 966 105 849 36 532 838 696 568 825
17
707 812 835 80 135 809 531 308 885 101 1 484 733 589 551 991 858
19
333 134 236 832 362 225 261 173 221 763 786 597 437 946 686 344 673 431 564
16
484 841 693 885 463 54 986 58 389 214 888 493 531 212 332 532
17
989 289 958 324 744 994 74 527 592 393 983 55 172 464 810 634 795
20
693 455 862 92 952 44 919 222 585 883 387 962 764 619 416 770 481 909 472 534
17
790 702 246 886 934 677 99 830 189 806 119 152 525 821 59 523 347
16
825 136 114 29 81 238 146 486 594 297 791 637 254 846 234 219
20
97 795 814 871 388 798 382 331 77 604 896 702 132 495 466 739 914 29 39 720
18
331 923 133 815 839 628 25 137 9 29 271 932 125 784 4 484 961 860
16
311 440 490 107 605 434 845 552 147 314 636 513 856 989 427 435
18
466 537 664 551 109 234 908 128 344 569 919 558 920 207 472 695 467 531
19
258 876 560 281 720 696 555 237 986 509 131 192 869 385 809 173 340 687 377
17
586 923 868 312 508 142 14 270 707 568 924 396 296 648 511 144 482
20
646 82 238 720 65 857 19 79 294 422 890 110 859 988 752 651 592 836 74 285
18
975 98 19 181 906 782 938 92 45 279 324 75 977 116 997 795 57 500
16
119 467 228 595 977 564 57 442 29 52 44 207 620 578 38 396
18
566 83 32 298 466 981 548 947 869 397 923 966 305 56 650 746 551 837
19
81 500 853 464 683 80 32 462 260 709 900 440 593 485 604 578 483 43 108
15
834 792 869 404 768 988 187 608 154 758 331 731 3 734 659
18
907 69 967 703 820 704 773 102 231 4 556 959 799 699 129 893 743 737
17
18 684 916 739 828 338 237 762 584 886 23 596 949 330 242 625 660
20
868 903 836 459 787 938 829 389 417 615 914 17 216 655 437 523 620 615 980 267
20
414 601 681 979 357 967 193 16 781 615 449 620 870 280 900 516 265 543 879 146
18
820 706 269 781 804 536 681 514 374 856 593 477 817 173 308 249 846 251
15
761 972 763 386 10 2 463 186 120 207 928 144 759 884 441
17
860 760 951 815 211 811 357 671 780 775 195 259 625 964 288 309 410
18
15 987 241 404 186 175 551 495 757 237 445 87 540 599 500 97 928 258
19
309 997 903 399 191 812 622 400 122 483 452 576 728 101 942 975 190 563 227
16
455 306 25 720 335 776 277 69 497 820 569 645 762 296 687 522
18
871 112 644 620 453 746 333 38 587 428 816 667 779 932 599 6 694 1
16
519 939 975 538 106 10 909 266 954 169 298 881 226 631 288 342
18
585 802 207 448 220 484 56 517 789 390 273 488 550 777 28 198 555 827
17
540 691 57 305 162 659 683 726 135 499 624 758 682 868 450 431 667
18
402 155 103 588 789 690 885 274 983 229 993 390 211 224 310 359 563 213
19
573 528 429 535 936 242 196 71 30 868 586 473 664 775 83 113 734 802 560
16
983 71 586 477 97 610 198 356 83 863 713 193 10 426 620 196
19
138 262 374 103 713 110 362 898 801 218 551 130 954 779 738 468 634 78 958
19
118 214 960 589 248 716 11 963 291 4 877 262 837 138 153 569 549 202 185
17
637 463 768 941 483 793 910 906 677 555 766 828 302 198 341 376 511
18
203 975 579 899 93 99 936 242 454 217 548 132 968 269 506 417 968 462
20
257 503 484 191 359 567 809 745 894 815 640 668 608 720 424 806 170 2 593 178
20
317 251 142 914 866 412 131 882 518 229 724 915 583 923 492 996 55 458 530 62
18
103 47 575 650 319 563 413 895 945 624 311 38 129 290 509 644 267 35
19
285 7 837 627 213 766 212 853 403 748 342 12 614 381 736 771 725 414 400
19
184 105 690 794 70 710 986 530 933 718 498 660 923 193 893 577 77 269 431
20
304 930 20 633 554 496 454 306 624 876 943 887 582 729 332 995 658 145 383 18
16
311 657 365 993 420 651 572 300 97 229 881 68 921 916 759 390
18
212 756 905 416 833 366 804 10 257 470 746 940 628 693 429 692 597 728
19
116 377 788 301 966 99 242 210 106 705 115 51 881 101 203 430 265 770 358
17
337 256 172 793 769 405 280 767 496 980 372 19 30 544 988 597 143
16
718 770 795 999 787 726 667 683 83 305 614 864 608 53 27 569
17
411 159 619 34 847 977 722 727 121 67 482 493 669 550 613 134 59
16
426 397 315 410 37 214 782 763 255 83 353 6 142 896 143 380
19
370 237 397 178 278 701 398 615 192 431 335 624 133 796 426 742 94 667 901
19
237 342 369 657 458 37 312 502 507 561 935 155 496 391 892 740 573 840 699
19
124 254 471 756 718 91 150 225 62 73 703 271 903 109 779 164 771 198 355
19
408 883 239 672 737 543 781 233 820 488 349 989 397 38 951 801 458 639 777
19
503 818 450 53 252 990 238 606 523 494 989 808 878 445 851 538 144 447 164
20
563 563 198 572 488 135 955 168 297 24 440 714 41 618 151 345 8 827 365 757
15
155 446 534 719 983 23 151 766 256 659 899 756 604 773 368
17
975 459 823 274 548 289 169 77 260 847 672 883 345 116 732 61 185
16
855 930 966 50 890 781 242 105 810 835 550 107 753 899 812 445
16
18 114 958 337 786 556 383 769 522 792 793 118 586 720 100 483
18
473 452 781 355 391 370 63 609 884 418 99 237 198 116 216 637 901 994
15
371 920 303 4 265 743 867 643 440 259 79 705 1 691 289
17
337 843 589 839 106 615 752 629 296 805 180 278 829 499 471 686 915
16
768 817 125 169 679 265 995 944 816 978 450 429 13 192 851 405
19
154 660 137 769 470 804 807 841 268 567 649 146 902 146 49 659 920 206 492
20
260 895 618 958 523 224 663 987 494 3 333 686 862 753 667 119 489 628 825 241
19
978 401 155 888 780 716 197 311 945 26 296 472 275 367 331 612 486 228 749
19
867 415 122 372 764 37 736 465 98 313 452 265 228 465 851 55 130 709 163
16
766 945 839 470 300 686 106 516 126 849 463 638 958 93 380 781
20
508 469 686 204 916 701 845 36 950 877 653 547 222 855 478 875 678 554 986 985
20
651 373 177 384 921 648 885 76 867 973 912 347 105 413 997 649 523 756 389 15
16
505 153 223 418 930 479 424 736 871 153 581 848 166 965 401 47
20
976 170 876 196 420 532 467 902 557 432 387 659 318 394 339 939 707 134 75 922
19
729 102 737 629 589 406 628 519 534 147 675 543 990 117 156 210 69 812 225
17
849 548 316 350 417 869 170 637 34 152 385 218 344 705 715 595 239
18
72 547 405 826 466 800 69 687 854 117 212 533 786 366 668 452 99 793
17
578 877 486 145 115 407 101 264 550 658 260 256 511 332 344 334 453
15
25 59 64 977 104 483 288 348 308 471 564 294 851 717 441
19
801 335 842 625 31 877 343 969 602 404 406 447 542 581 916 369 631 177 211
17
863 288 292 907 994 22 673 502 771 993 511 717 136 454 411 326 555
17
248 566 113 106 319 336 760 818 156 502 295 658 180 620 683 294 99
16
56 454 600 146 546 30 491 947 991 435 365 180 690 118 646 864
17
808 326 528 788 661 231 488 204 450 107 426 544 243 602 463 71 390
19
99 324 504 479 277 326 564 573 616 881 129 840 830 54 183 317 856 964 383
18
219 424 999 161 100 434 309 703 428 903 921 402 429 349 384 811 764 889
16
912 149 508 764 178 41 153 367 31 132 423 824 196 293 89 206
16
337 535 24 92 286 247 185 140 162 617 997 739 695 596 235 900
17
180 369 351 152 324 362 580 676 731 603 747 414 87 783 933 225 421
18
416 528 61 302 262 253 281 93 678 435 522 762 923 255 200 891 852 804
17
681 24 81 274 762 441 59 440 517 740 154 662 143 628 208 840 46
19
241 467 83 824 344 449 459 337 132 405 125 562 754 836 253 342 817 145 248
15
378 982 338 831 99 275 919 356 22 338 434 793 398 560 569
17
93 229 759 673 202 612 22 681 503 611 406 74 196 785 127 291 329
15
201 609 985 642 123 465 298 176 26 55 591 34 445 81 350
20
520 90 316 307 600 734 572 725 632 34 642 191 427 952 784 5 473 102 90 416
18
167 659 549 851 652 963 669 756 756 827 141 80 319 841 725 77 357 216
18
677 989 14 804 764 164 456 742 336 558 698 601 466 922 162 194 582 217
19
550 299 467 68 516 87 283 823 350 18 835 698 373 117 371 564 43 112 426
20
367 466 204 41 302 168 120 660 272 429 533 75 220 667 895 313 719 501 795 295
19
247 30 532 298 256 763 737 117 235 28 870 400 657 813 759 752 53 145 687
17
996 649 128 689 199 653 60 710 860 587 958 558 274 270 653 930 706
20
740 916 333 454 969 747 441 310 933 128 644 90 81 264 383 911 930 566 602 521
20
50 665 119 776 604 597 632 799 439 249 987 415 363 705 299 84 118 957 365 648
16
889 208 353 429 626 211 546 979 712 677 422 956 347 348 551 815
15
797 73 609 555 659 466 777 477 664 653 80 699 301 729 500
15
98 911 756 36 666 825 470 938 171 281 912 509 523 406 145
20
344 44 655 177 840 495 834 325 86 237 213 780 64 171 934 908 832 226 367 773
19
478 489 909 376 157 914 667 742 131 954 694 271 6 333 718 451 708 341 805
15
352 554 673 151 922 860 875 751 611 233 613 316 716 647 481
17
430 612 142 894 744 1 899 883 623 874 80 363 893 922 238 513 915
15
178 580 556 135 415 608 396 159 198 303 122 836 409 988 265
20
616 2 333 37 741 528 901 73 666 295 722 39 748 804 780 55 927 496 369 970
17
232 362 931 423 531 809 853 867 3 279 707 887 65 380 279 104 396
17
982 142 782 940 730 420 779 488 69 867 132 755 490 988 448 463 409
19
653 226 198 308 788 134 686 582 698 202 590 82 88 575 522 333 115 553 753
16
966 362 776 701 983 323 924 651 246 119 29 83 211 600 549 636
20
484 50 881 347 610 98 208 416 256 124 831 806 968 364 444 52 369 345 402 656
16
632 712 426 792 275 236 939 741 457 586 896 233 567 804 431 90
16
38 890 641 988 880 227 256 384 751 894 950 853 934 732 132 203
20
390 756 403 108 193 335 159 493 611 887 83 850 620 909 818 466 888 771 837 30
19
225 609 334 516 305 938 881 112 833 493 56 518 562 94 596 45 218 189 897
19
421 150 521 986 437 647 67 399 412 973 238 346 525 731 651 775 373 661 933
20
43 320 754 63 191 305 835 437 716 116 87 521 453 238 22 972 465 722 590 119
19
789 431 650 789 12 398 42 313 203 997 372 784 586 505 769 332 812 606 898
19
804 269 109 160 345 387 444 715 543 389 278 682 111 406 57 184 718 959 423
18
314 823 688 893 435 26 630 688 150 234 35 650 519 352 699 950 273 506
16
240 371 894 388 862 167 329 413 409 651 471 299 861 136 448 404
20
289 682 523 697 359 607 425 169 404 180 205 958 787 908 909 304 84 499 833 304
16
296 812 635 710 172 904 529 390 826 247 728 996 989 30 651 392
19
746 554 111 277 580 47 535 416 499 849 218 270 395 167 487 947 163 144 303
18
985 956 924 246 943 253 940 601 520 419 999 821 42 813 199 131 725 553
15
829 327 649 430 773 826 290 246 154 936 985 5 439 509 560
20
313 159 640 971 489 346 837 590 298 666 512 559 24 513 419 205 435 107 79 611
16
322 774 84 554 136 753 816 711 258 649 679 776 721 817 821 154
17
800 65 879 243 240 141 162 899 336 602 634 217 213 879 578 334 12
19
394 315 759 482 589 458 141 525 728 357 224 202 754 859 40 11 44 986 87
16
354 221 167 172 499 278 269 302 39 464 997 526 547 987 89 808
20
467 302 985 87 678 507 634 663 599 776 203 632 665 359 633 917 705 274 219 618
16
84 543 612 542 783 698 285 696 286 376 550 342 739 770 899 858
18
878 335 889 999 619 267 338 552 525 382 924 172 176 622 664 30 543 62
18
159 136 284 127 590 295 942 944 667 426 347 483 742 211 696 678 325 872
15
725 535 247 198 15 37 96 322 101 575 575 610 906 817 522
18
483 772 950 679 257 914 74 500 576 466 246 267 378 453 516 390 122 290
20
411 889 149 627 434 72 645 262 884 804 905 336 316 423 938 607 218 481 411 899
19
439 457 514 514 276 31 891 308 3 680 846 160 154 142 209 285 986 747 730
16
390 459 221 422 236 270 745 451 479 529 960 787 2 273 621 674
19
145 116 425 625 492 452 573 847 586 657 586 362 362 270 491 976 329 189 441
17
974 996 597 557 633 130 324 418 391 824 410 458 437 335 32 597 328
15
795 890 225 942 80 512 469 450 538 338 889 136 994 737 165
19
825 949 179 718 462 868 784 26 980 823 613 300 254 537 446 332 467 779 687
20
131 102 520 180 196 70 556 794 782 677 452 404 372 810 176 916 520 98 65 763
16
290 946 49 747 296 772 506 984 542 222 979 573 447 34 350 197
18
513 269 109 914 80 151 998 773 185 931 995 28 524 133 626 284 375 327
16
360 894 43 155 507 771 294 956 722 846 39 462 674 190 743 53
18
909 857 180 177 434 698 563 928 447 813 134 63 849 368 11 592 325 488
16
895 588 307 187 354 681 611 911 87 735 644 721 521 351 903 771
20
598 34 361 355 13 452 583 193 705 111 674 98 578 441 192 504 957 406 949 102
16
671 991 789 633 796 931 301 722 643 646 473 713 567 565 466 416
19
664 136 343 664 964 225 129 835 939 929 429 822 247 908 300 234 209 472 671
15
505 115 501 879 961 187 530 623 535 998 623 267 867 887 919
16
267 806 318 1 150 374 703 501 45 499 948 578 430 675 613 651
17
338 789 684 595 285 609 240 933 659 243 112 221 260 170 484 164 277
15
171 742 971 623 309 389 142 627 486 209 322 321 443 848 832
17
310 365 183 989 520 505 842 453 144 335 422 999 244 17 256 396 439
18
491 910 5 550 158 801 783 82 180 888 596 65 248 880 741 281 11 66
20
346 332 701 346 216 112 736 402 21 441 22 730 351 932 129 633 509 817 632 925
17
471 99 404 278 314 546 820 371 471 699 164 646 879 466 846 80 127
20
3 65 900 634 792 137 213 334 67 101 183 121 981 76 869 442 443 397 547 812
16
962 909 333 775 263 961 458 795 791 843 602 192 476 476 986 412
16
879 355 16 491 780 340 278 851 159 839 281 976 290 161 403 256
16
628 514 669 969 842 946 536 598 308 458 257 107 27 647 938 505
18
144 158 892 468 142 277 262 231 424 271 659 66 337 387 258 19 654 918
17
160 525 294 736 344 890 661 367 911 579 779 167 123 512 199 138 262
19
933 308 425 224 854 406 536 141 813 926 186 424 264 423 885 656 535 989 835
16
689 87 342 998 389 313 784 12 652 520 684 113 594 740 626 757
19
658 201 481 831 736 619 852 915 895 621 120 876 439 79 465 279 823 561 128
15
369 464 726 191 85 563 466 840 193 692 960 950 154 955 57
19
903 651 507 659 792 972 811 656 438 524 208 868 193 57 932 638 571 565 762
16
281 471 210 372 416 130 81 152 174 499 740 105 519 250 135 722
19
868 188 693 393 715 668 357 786 625 150 90 224 728 631 979 905 91 107 264
16
354 253 320 775 210 948 994 616 930 614 252 103 584 365 341 26
17
973 566 724 561 506 963 900 563 432 582 561 659 332 35 461 184 699
17
21 607 802 896 466 162 601 84 765 316 820 539 435 579 249 80 940
17
32 619 88 396 232 435 746 32 571 185 286 712 974 542 200 687 326
18
83 420 637 430 541 449 8 872 666 684 384 392 154 311 145 61 502 884
17
169 154 584 624 616 59 93 564 393 682 274 133 822 143 989 97 997
17
960 745 573 838 358 83 617 579 923 453 756 243 648 798 569 967 743
15
172 993 702 518 137 112 788 374 291 888 963 417 256 447 885
19
535 565 183 54 939 960 989 925 661 751 38 176 482 323 751 448 205 119 396
16
465 652 464 807 3 823 738 281 391 767 155 882 420 439 495 872
18
272 864 534 405 26 924 607 76 766 938 955 129 486 981 263 594 404 88
19
249 304 534 437 802 127 381 186 554 77 318 477 921 439 75 397 494 943 175
16
410 599 912 638 906 67 445 321 579 237 768 784 506 932 971 475
19
254 162 278 137 27 651 957 488 569 470 373 316 44 536 231 151 418 639 66
19
632 586 13 529 826 591 530 308 600 178 205 73 242 794 715 376 849 872 978
18
522 804 908 932 63 945 661 115 860 179 858 283 15 834 278 935 99 371
15
609 296 902 821 525 619 98 148 540 442 160 412 280 342 209
17
728 902 977 155 710 726 335 912 983 233 260 283 955 312 812 801 106
18
313 972 343 87 687 786 672 797 212 17 213 298 23 928 817 215 387 261
16
118 513 876 821 973 585 362 409 620 306 343 298 998 468 381 765
17
786 71 751 13 172 86 125 983 351 999 547 19 101 491 293 70 53
18
902 772 180 551 249 360 426 358 146 667 385 131 375 149 976 931 495 508
17
321 470 342 494 486 749 344 58 991 390 639 210 199 426 615 197 956
16
586 100 131 257 945 522 804 429 908 391 746 626 542 332 45 198
18
344 389 265 852 365 358 851 367 501 790 384 850 649 382 623 885 84 546
20
166 250 19 227 540 947 875 7 42 465 930 293 415 355 581 95 720 282 976 109
19
692 458 185 994 92 40 807 807 544 735 447 798 668 479 197 726 257 4 918
19
937 682 4 163 85 370 116 487 861 866 416 358 342 4 305 375 515 362 242
15
136 147 536 175 512 27 18 590 244 102 576 558 714 364 828
16
805 889 557 8 205 739 440 990 716 101 361 172 338 558 629 657
15
636 443 13 511 3 857 302 484 381 964 343 86 786 791 993
16
311 491 528 812 291 575 260 567 552 564 675 262 200 215 738 864
18
99 449 239 323 988 619 792 485 168 297 610 212 510 98 56 460 844 841
19
995 98 989 438 16 243 648 716 798 421 611 341 626 699 676 774 435 689 777
20
25 684 93 42 377 835 85 821 196 57 802 671 581 173 509 830 743 288 28 336
17
735 101 517 792 227 559 971 873 710 166 544 734 51 435 427 578 168
18
435 591 729 338 402 190 838 711 606 346 607 858 956 513 211 431 467 682
19
443 216 140 908 894 200 318 641 188 245 981 459 488 479 750 582 150 597 48
19
921 115 70 185 148 567 519 23 734 531 86 149 439 494 431 339 849 130 870
18
761 537 834 680 123 7 433 554 999 459 806 258 123 342 124 216 609 756
18
267 451 300 437 325 407 482 229 316 664 775 472 225 425 957 880 453 349
17
922 928 480 741 7 957 783 206 941 911 514 736 36 134 39 588 353
15
936 684 818 9 7 615 749 38 521 635 12 645 27 211 133
16
362 281 537 806 440 164 82 241 428 766 387 843 591 124 651 86
18
309 585 908 744 190 819 591 534 99 441 103 937 499 626 392 646 159 193
19
787 703 114 50 687 504 351 789 189 476 750 639 683 161 699 43 264 781 239
17
422 416 436 986 595 230 645 808 971 308 554 363 199 349 728 313 153
17
658 504 484 837 369 900 527 793 512 503 887 968 608 376 597 84 856
15
744 639 944 922 461 152 544 26 838 824 874 786 399 932 292
19
538 407 402 800 979 839 618 169 914 529 420 984 841 928 951 285 313 755 169
19
21 866 483 637 480 225 672 646 615 900 564 29 133 247 844 504 653 883 666
19
78 33 584 488 728 786 488 874 875 134 392 910 795 747 377 86 761 884 53
17
613 926 590 984 3 448 63 776 768 160 920 434 341 852 218 420 476
17
112 201 509 232 286 547 980 6 566 744 737 453 673 318 887 690 470
17
271 743 644 624 824 578 220 389 867 267 322 485 398 961 719 47 184
19
191 346 943 176 475 704 159 560 607 223 416 5 994 89 616 332 664 632 848
17
630 192 460 456 115 201 626 22 445 337 86 790 197 570 307 50 198
15
472 861 385 360 215 750 69 370 362 473 128 571 90 817 796
16
285 305 606 867 290 828 262 524 120 565 91 216 432 704 725 704
19
261 808 783 689 16 791 234 354 687 220 568 267 920 761 760 682 922 877 262
19
51 445 275 147 546 523 216 718 578 758 145 176 492 45 93 331 221 210 545
16
362 492 551 401 522 998 533 56 661 15 229 618 953 345 436 550
17
395 155 105 46 782 941 354 774 857 99 447 452 785 67 858 986 145
19
88 977 18 249 478 205 446 385 787 884 659 654 622 941 774 606 146 490 698
18
433 913 277 742 109 271 139 839 164 105 5 583 251 465 520 901 847 58
16
742 254 823 958 413 50 857 72 920 811 613 747 941 134 308 725
18
450 674 991 740 476 332 935 69 945 811 855 168 324 520 141 84 440 1
18
39 376 375 433 513 318 454 924 935 827 181 483 965 247 628 389 30 273
20
115 551 211 697 894 332 743 515 433 671 190 428 616 90 547 456 386 609 79 55
15
396 980 454 902 979 29 422 286 371 539 38 26 560 463 379
16
673 798 544 115 752 59 419 813 773 780 548 405 733 867 979 50
17
424 134 187 486 781 585 322 760 850 805 379 237 343 113 658 911 512
17
258 116 692 257 674 197 803 138 924 53 239 856 28 348 516 728 27
18
15 828 379 76 88 588 154 529 346 564 26 97 973 64 334 548 700 416
18
268 264 710 309 532 167 211 37 862 149 468 274 385 398 784 290 848 180
16
118 171 194 653 317 882 119 92 588 800 838 867 19 891 188 840
16
349 605 541 655 620 362 687 394 809 352 729 384 80 645 585 826
16
108 40 835 904 712 197 921 957 281 229 718 642 735 754 376 3
16
69 268 755 744 885 450 295 708 707 747 373 726 190 804 682 858
18
638 340 714 449 749 924 15 74 184 650 620 531 309 670 841 102 890 181
17
724 112 922 48 938 92 665 454 239 486 782 610 415 134 420 657 981
16
821 343 787 295 52 48 706 17 787 877 246 409 629 746 232 445
16
614 244 125 624 946 827 213 931 226 608 773 435 45 635 182 959
20
834 700 228 169 100 384 652 752 861 267 672 155 247 541 764 212 987 293 151 730
16
239 549 581 86 906 968 163 98 403 199 568 564 47 69 244 511
18
224 353 548 979 682 212 324 893 635 884 442 300 242 574 126 833 330 738
17
198 822 816 563 287 728 212 410 283 938 356 933 390 974 25 911 218
16
310 606 692 488 554 677 358 608 49 356 155 148 320 200 915 741
16
960 84 267 186 992 783 716 626 89 826 112 730 157 652 162 474
17
445 321 835 381 599 423 901 427 559 322 345 218 975 658 899 125 99
19
250 587 364 556 507 595 618 460 866 606 358 733 63 787 382 862 486 608 746
20
56 792 426 945 393 794 150 509 530 766 572 662 868 740 771 702 211 783 748 355
18
400 176 686 489 65 755 786 629 97 511 586 831 484 408 921 955 108 251
16
691 977 862 72 801 358 673 623 655 937 333 115 13 899 627 896
16
969 706 657 885 852 698 647 487 452 392 645 675 260 452 297 282
19
490 383 133 225 811 556 808 817 516 639 466 165 61 191 851 300 369 673 110
17
487 809 404 993 599 472 638 42 757 404 464 989 123 510 932 71 475
19
544 777 413 370 903 155 800 787 594 290 381 361 494 349 384 44 171 949 654
16
335 310 805 892 395 503 90 479 635 395 223 358 867 780 296 689
18
308 179 155 390 398 328 613 915 372 219 482 124 342 94 759 342 723 297
16
62 120 787 329 438 513 677 960 490 137 233 551 185 425 425 665
16
209 481 131 19 24 266 21 636 615 991 240 336 325 227 867 182
17
704 80 290 151 640 230 511 642 690 948 868 683 375 525 950 628 824
19
531 493 348 603 686 158 231 348 933 300 832 856 849 708 662 890 658 144 630
16
920 296 657 381 327 191 249 409 235 227 166 474 193 859 692 705
16
919 999 807 689 937 177 258 32 819 234 82 856 655 211 222 125
17
89 537 41 79 439 116 148 356 257 558 602 622 880 730 330 870 754
16
854 75 92 836 598 272 790 279 908 492 17 569 940 764 650 732
16
951 595 629 214 72 808 408 128 110 379 59 259 164 132 579 530
17
283 660 133 572 791 24 795 504 394 26 899 857 913 276 470 921 348
17
839 99 557 375 853 447 924 757 254 742 716 983 213 325 453 719 385
19
808 858 321 844 926 809 148 559 432 2 238 506 247 130 831 852 453 191 584
15
207 163 26 338 608 998 709 129 341 866 271 314 259 274 435
17
612 50 695 949 125 453 523 36 682 48 923 877 194 191 588 919 309
17
176 271 120 127 31 251 968 89 383 796 206 125 514 815 848 396 96
19
174 607 633 276 237 500 126 572 448 881 976 771 360 202 768 966 513 23 703
18
241 83 280 170 782 612 276 512 101 471 989 318 919 21 1 106 768 215
16
924 148 562 702 146 723 997 662 605 769 788 506 698 872 321 394
17
511 179 534 92 302 647 944 744 787 405 718 644 211 171 414 751 695
17
328 661 564 153 630 703 88 581 643 107 221 46 637 907 737 587 714
19
402 553 339 466 972 688 190 741 307 348 943 980 757 756 171 839 4 517 978
15
474 493 206 855 130 162 581 593 461 625 440 642 633 695 401
19
54 148 472 855 545 533 385 593 335 62 482 231 776 995 496 888 489 367 62
20
676 82 946 82 318 347 832 94 38 822 338 351 482 101 351 187 870 32 685 106
16
220 501 926 536 912 573 558 949 348 159 930 51 712 99 315 190
15
299 374 996 420 416 776 992 589 230 85 846 838 514 427 871
17
560 663 876 659 582 645 859 130 657 152 486 468 122 876 268 540 585
19
91 939 288 954 453 774 971 916 404 468 584 405 975 351 6 872 156 720 47
15
234 393 756 545 110 651 373 813 958 993 202 729 12 220 937
19
263 489 298 235 298 724 534 818 887 417 931 680 199 777 223 386 46 862 49
16
311 654 188 961 462 425 100 228 978 560 424 316 185 581 819 963
18
845 224 599 200 992 338 234 363 787 160 570 703 968 722 815 746 752 536
18
474 392 578 522 808 998 202 133 619 886 933 572 6 779 464 611 725 695
19
292 306 519 269 901 801 983 850 359 79 309 193 481 517 757 259 19 851 456
20
119 744 504 550 552 538 40 939 848 167 290 377 524 953 617 437 574 242 111 806
19
570 357 860 702 170 86 217 878 145 902 465 271 113 48 241 179 392 100 391
19
410 208 671 194 702 67 569 351 556 845 747 135 452 292 64 118 100 551 727
15
866 104 284 269 587 947 458 506 783 79 890 577 682 605 394
17
923 693 729 765 700 741 34 434 523 872 466 130 865 701 939 143 541
17
73 685 73 320 680 962 305 214 725 211 193 274 372 560 708 208 544
17
752 995 386 651 81 677 732 379 705 510 838 184 434 503 96 896 737
15
285 613 366 401 557 257 629 845 50 585 62 154 108 599 270
19
269 246 4 614 218 16 141 353 958 3 602 331 634 464 187 510 725 978 507
19
414 978 173 708 369 348 535 309 154 628 183 487 467 213 623 792 112 491 256
16
444 720 919 504 255 605 599 647 287 873 275 279 72 911 138 747
18
691 245 712 695 652 830 840 113 227 591 872 547 850 544 579 83 934 188
17
612 853 98 466 352 433 182 276 639 915 310 425 203 21 598 511 212
15
187 781 54 790 297 746 716 902 742 674 517 195 539 750 448
19
900 668 157 637 769 784 76 464 504 194 250 311 48 539 560 856 711 59 935
20
382 251 739 704 326 919 200 517 252 797 5 949 39 47 687 439 859 801 470 471
19
134 898 719 226 192 978 280 984 107 753 303 973 482 799 352 315 293 381 490
18
981 878 836 629 214 1 157 978 985 159 492 141 962 414 203 586 301 820
17
323 940 583 142 959 547 91 721 519 762 94 732 214 408 584 634 4
16
242 861 932 505 556 482 656 221 679 758 935 604 404 652 338 573
17
862 911 586 760 540 735 339 314 587 785 212 713 604 766 393 98 658
19
200 982 193 742 463 154 662 389 415 215 400 270 764 909 365 568 423 54 10
18
497 65 633 437 223 503 942 520 510 803 316 401 901 483 608 654 346 560
19
506 424 19 249 766 148 151 578 183 739 396 351 861 285 804 250 838 633 153
18
334 840 326 533 404 91 84 5 960 10 846 531 467 546 319 288 713 237
16
247 215 935 553 804 747 934 654 515 196 88 161 609 465 621 378
20
430 879 504 425 529 596 168 127 835 416 932 649 283 405 641 276 290 220 500 582
19
743 7 908 641 620 245 76 438 311 637 1 712 224 569 238 118 349 408 431
19
385 585 559 504 197 14 503 310 186 741 358 811 435 505 172 35 220 185 55
16
148 355 561 418 608 424 769 626 469 899 717 65 590 707 54 841
17
882 243 769 831 815 969 644 904 263 844 754 786 34 905 662 387 498
18
158 131 373 830 998 869 330 172 396 998 417 977 656 555 554 23 739 42
20
543 593 798 951 381 887 388 405 696 622 282 600 3 897 471 889 785 725 741 356
19
455 938 874 686 808 588 698 789 728 589 321 501 374 568 74 959 541 997 785
17
720 401 970 173 215 710 241 655 439 785 696 656 441 370 686 709 956
19
710 169 591 366 317 730 520 231 987 284 225 446 708 142 299 550 57 707 923
19
462 166 585 290 978 505 221 326 197 369 616 294 102 535 303 137 506 992 492
17
842 63 150 462 764 516 581 275 414 117 583 515 374 672 626 780 92
15
249 345 148 391 670 36 851 907 51 309 345 511 444 450 997
18
6 640 133 778 123 117 58 780 527 934 84 51 450 513 144 983 42 588
18
194 465 849 597 407 683 615 108 937 495 771 38 388 928 556 554 969 974
18
168 367 458 755 194 50 582 301 87 335 108 173 159 551 677 536 801 354
19
787 896 363 945 291 204 358 450 597 690 693 827 161 688 32 289 694 451 144
18
501 317 773 781 901 602 549 862 685 822 711 221 353 751 270 340 613 880
18
498 575 458 965 445 265 423 757 595 65 137 377 159 736 501 794 832 526
16
314 183 312 572 545 170 240 603 490 307 139 248 971 756 508 339
17
906 441 655 282 816 779 865 30 951 558 219 736 669 218 624 784 672
19
389 255 987 928 811 686 341 331 849 345 191 677 842 535 156 220 345 627 406
20
59 561 130 746 848 207 390 496 696 453 402 376 158 592 386 785 481 832 532 931
19
790 499 677 639 285 544 471 112 898 799 623 37 247 499 517 47 78 167 416
17
858 407 481 76 212 814 337 928 535 901 593 322 962 777 128 990 365
19
557 63 652 863 314 626 203 859 160 722 383 174 8 404 922 268 102 48 456
18
53 507 136 868 849 435 534 233 355 456 192 223 420 39 795 701 164 289
18
49 631 300 136 430 877 795 57 977 294 504 688 842 260 615 937 661 577
19
191 294 442 854 465 843 388 519 96 500 565 357 235 501 437 230 318 911 121
19
159 435 236 957 486 261 739 934 859 553 888 255 550 686 327 112 816 352 554
17
100 499 878 710 12 179 229 552 201 299 45 953 549 469 494 203 164
16
858 301 214 339 615 704 807 527 916 643 336 222 970 257 538 932
20
329 501 407 582 193 710 363 855 169 146 347 108 120 480 967 850 98 633 577 975
16
466 471 615 717 5 309 90 273 328 738 703 281 481 167 824 922
16
630 314 501 524 315 246 14 920 488 659 966 927 756 733 576 208
19
981 575 305 704 552 289 95 833 512 822 576 105 986 779 591 290 74 212 395
20
119 386 618 355 721 720 23 745 772 770 664 814 475 239 358 888 734 677 598 364
16
22 167 40 217 277 999 963 934 66 402 274 22 989 236 947 158
16
201 681 391 866 934 587 35 531 46 261 423 454 52 804 640 86
17
637 499 490 976 803 142 812 715 856 760 746 315 533 283 12 723 231
18
235 214 403 870 415 861 791 950 985 800 931 84 293 118 353 507 471 580
16
834 687 285 747 519 141 237 62 983 678 889 357 196 813 559 693
19
670 732 839 894 307 713 17 302 144 12 130 93 127 23 39 961 31 600 989
16
705 367 12 711 969 309 163 153 739 513 222 996 565 137 330 171
17
640 961 863 267 697 966 20 319 680 330 566 561 485 653 892 271 541
19
433 216 180 582 381 634 606 146 756 332 404 772 865 768 416 125 662 381 481
17
567 442 7 619 897 68 428 497 289 827 140 616 566 470 48 212 69
18
50 384 367 321 255 769 884 784 608 862 962 974 727 973 538 36 207 39
17
844 671 361 941 276 132 646 500 633 261 547 381 946 188 632 668 543
16
190 462 583 511 171 764 564 820 484 874 407 855 324 664 503 759
16
951 504 179 152 490 929 122 882 205 555 120 379 783 864 197 709
18
84 336 391 991 993 885 630 326 936 233 713 752 855 877 683 760 349 465
19
141 612 856 442 831 249 971 751 776 851 230 557 889 969 992 335 589 825 216
17
664 620 963 229 609 492 501 773 623 330 213 706 212 50 105 476 887
16
381 167 666 778 901 376 981 793 515 188 184 475 370 419 521 265
15
2 240 313 777 482 509 270 230 93 998 204 170 475 144 413
16
724 660 296 11 731 537 968 43 259 141 822 985 585 977 770 803
16
532 505 593 147 851 895 908 812 805 552 143 393 201 347 972 5
16
623 121 659 187 21 122 868 301 534 502 232 290 310 806 588 908
20
849 259 233 587 560 435 549 506 390 886 65 793 596 124 650 387 315 206 802 813
18
736 873 670 850 71 655 464 416 571 441 722 114 367 303 34 761 588 347
16
603 292 575 748 929 166 348 188 431 318 254 182 360 846 537 583
18
27 998 794 222 564 795 473 338 34 42 371 674 850 320 560 361 139 865
16
478 605 131 811 760 154 783 697 929 339 160 826 198 333 964 847
16
664 404 139 356 811 997 651 543 598 467 673 201 475 559 262 434
15
966 274 622 198 84 902 995 594 227 786 216 988 518 852 733
16
363 349 929 896 730 753 333 779 622 611 353 534 85 323 843 251
15
349 390 3 876 207 937 483 740 941 918 886 143 939 94 529
15
522 66 805 708 401 809 996 4 806 857 940 94 188 14 611
18
225 90 207 721 697 632 826 893 537 544 469 896 197 451 112 206 897 883
16
767 657 887 948 742 839 831 878 113 433 888 333 636 396 695 425
15
298 426 582 832 45 891 160 468 172 102 216 693 499 10 237
20
115 512 925 563 208 999 639 657 16 552 783 498 510 1 354 950 486 575 272 279
18
307 920 394 690 177 19 891 895 296 320 952 957 618 45 254 651 611 812
17
540 108 625 716 166 30 609 119 501 646 670 137 243 955 509 38 365
16
584 238 157 128 618 438 34 985 964 958 731 53 207 25 334 839
19
727 82 640 335 614 331 403 634 405 377 751 28 198 718 360 126 12 445 131
17
542 36 279 306 426 769 595 441 309 539 826 692 410 750 533 402 815
18
758 940 566 72 901 960 548 79 670 996 817 171 481 458 568 700 984 500
16
452 456 62 554 184 709 414 895 675 555 379 243 511 286 71 312
16
628 440 419 566 34 727 675 805 688 439 122 509 334 742 815 721
16
919 969 809 352 369 125 16 483 318 979 228 251 687 343 820 741
19
986 582 219 496 762 530 883 128 401 235 203 790 282 373 866 397 206 816 880
16
436 440 544 720 455 812 372 17 794 768 372 412 661 414 822 545
18
939 441 1 30 319 154 877 453 767 956 354 429 917 406 505 870 615 587
15
986 646 28 443 59 420 623 484 328 131 269 930 383 540 31
17
125 872 778 579 754 360 220 859 388 219 653 105 961 347 277 848 632
19
19 255 72 58 775 88 982 34 379 788 502 433 510 995 2 359 673 325 186
19
486 123 714 200 803 296 302 506 447 669 985 204 159 456 299 293 451 58 616
18
208 503 686 990 226 892 358 760 901 145 169 552 904 480 949 859 531 978
16
600 308 133 352 100 401 105 666 985 804 605 882 283 258 392 400
15
151 506 993 923 507 552 335 55 671 163 815 844 103 143 52
18
292 81 245 351 133 307 797 245 736 124 609 985 762 118 901 589 279 717
16
941 320 304 919 628 361 712 264 497 623 96 607 201 576 124 831
16
400 173 53 489 271 636 603 174 335 457 935 679 179 254 828 499
19
532 789 272 28 484 333 565 214 89 543 16 107 322 89 499 137 310 474 886
15
756 858 487 294 972 442 466 865 188 136 686 269 885 762 770
17
950 965 840 278 195 110 983 498 933 235 314 35 978 711 852 734 233
17
986 35 732 208 715 46 433 644 659 286 908 975 159 117 458 222 6
17
280 58 682 73 251 35 363 595 839 682 126 949 908 640 193 511 156
17
481 443 794 885 844 412 376 71 265 473 388 389 446 825 249 672 846
16
848 157 303 672 353 543 377 760 715 812 34 656 609 843 167 519
16
719 399 748 495 30 439 420 674 468 718 127 984 599 230 411 621
16
931 64 204 659 591 481 312 335 374 609 790 43 180 323 326 96
17
710 222 646 801 862 466 298 395 171 325 789 614 263 629 708 504 90
19
797 491 467 864 6 437 812 635 184 897 984 680 357 48 55 274 551 905 417
20
768 18 776 412 492 903 598 679 534 277 212 512 428 581 410 87 555 251 215 585
15
112 766 219 748 801 78 185 118 599 821 720 520 714 584 889
17
254 196 611 716 142 105 581 573 686 489 178 520 483 422 669 920 596
16
38 29 351 304 846 568 153 376 787 400 526 186 560 951 166 240
17
893 846 963 88 643 725 785 22 349 517 759 147 468 173 358 394 353
16
506 625 717 66 481 580 432 274 847 769 113 44 84 295 22 878
19
132 732 474 220 352 985 182 193 902 84 849 231 738 164 645 91 365 422 348
18
532 86 102 162 162 887 791 410 599 501 472 759 907 815 277 731 791 730
19
949 936 222 88 396 576 65 809 133 149 787 188 162 539 42 109 156 324 1
19
736 601 328 398 441 12 743 239 360 215 107 788 730 946 711 565 43 478 200
17
971 554 913 82 654 642 702 472 936 595 583 919 398 668 778 261 269
15
650 978 114 45 136 624 327 633 710 848 461 229 100 193 852
19
94 891 987 64 831 501 815 862 121 471 663 334 481 390 105 236 199 331 340
15
254 161 858 902 489 940 921 921 141 993 271 678 390 135 75
18
416 209 801 702 230 580 89 840 723 114 20 239 533 60 906 422 585 60
20
89 748 913 225 16 146 861 834 776 963 762 90 878 18 235 902 542 799 696 259
19
787 90 503 470 144 70 350 253 506 376 955 927 154 824 181 516 568 856 939
15
886 936 954 47 384 57 880 642 260 12 777 507 904 32 374
19
648 593 576 751 886 866 976 495 949 284 287 623 169 572 88 590 735 355 835
15
217 768 198 767 345 873 717 151 739 331 283 223 577 365 285
19
12 7 730 798 526 861 209 48 233 223 189 362 104 395 331 3 224 2 319
17
357 495 499 253 555 186 852 636 185 553 36 394 860 911 484 608 983
16
571 679 284 207 299 206 852 395 566 87 839 268 891 245 666 608
19
598 419 766 25 270 507 225 972 77 476 324 905 709 787 864 994 545 346 252
19
298 857 912 391 656 660 302 80 493 387 382 976 760 391 409 757 846 406 210
19
106 821 333 125 322 75 569 661 991 659 370 849 646 670 321 875 243 347 342
18
283 159 718 839 182 35 777 743 465 280 703 833 928 986 364 362 717 534
19
100 793 36 316 34 537 954 838 280 111 660 824 941 932 40 601 144 712 629
19
715 623 105 65 37 464 884 896 850 218 111 433 652 730 807 429 715 38 16
20
688 703 836 590 320 323 571 204 97 887 910 512 225 193 699 174 241 743 272 593
19
320 767 190 876 811 655 723 310 754 386 620 738 62 373 850 343 491 888 650
18
419 813 437 67 997 947 213 973 500 396 349 946 650 198 671 212 199 789
17
340 360 138 995 338 860 88 213 179 478 935 4 148 948 472 10 143
16
26 880 862 197 988 702 792 438 493 638 560 343 670 749 372 974
15
418 53 941 559 149 586 505 55 904 354 107 500 411 456 402
15
499 329 458 908 454 445 913 652 792 762 319 544 914 390 365
19
335 439 300 182 781 902 29 316 630 11 204 615 991 756 12 108 869 871 638
19
234 613 863 212 57 650 873 73 354 684 935 4 158 480 11 158 947 308 524
20
985 446 413 862 467 786 648 757 454 144 498 1 116 963 411 214 4 17 621 849
18
67 686 412 173 774 823 813 586 775 424 541 398 946 844 289 217 879 602
17
548 633 870 335 152 393 602 343 402 804 321 964 583 767 143 163 485
15
828 722 743 281 194 261 381 380 133 908 899 21 558 7 200
19
6 954 537 459 978 100 426 78 969 463 372 592 91 417 135 700 525 803 757
19
662 501 243 210 486 440 788 394 964 665 96 507 713 449 379 943 197 495 506
20
504 17 546 636 10 149 690 7 232 861 799 878 228 206 87 319 759 983 530 484
16
537 241 718 334 213 145 259 491 332 917 891 196 606 772 112 761
20
106 207 506 623 61 876 372 392 97 883 816 793 733 659 990 975 132 717 348 962
17
405 452 271 434 971 75 401 119 945 120 108 779 638 577 570 292 543
18
272 466 612 615 478 695 913 498 921 2 885 795 117 10 992 479 297 602
17
4 729 478 162 151 911 631 509 130 237 839 469 319 865 744 917 524
15
930 272 256 130 51 790 46 636 781 61 832 21 877 874 927
16
540 990 867 756 438 819 309 529 465 138 339 352 89 941 818 137
18
333 949 333 987 769 927 119 152 624 225 328 474 902 768 534 704 559 357
17
87 803 417 329 497 884 755 996 113 387 106 871 278 492 84 538 663
17
69 344 162 316 762 453 889 726 549 35 802 712 429 283 255 631 986
19
86 919 740 322 698 929 475 943 686 710 725 159 956 967 668 918 402 196 134
18
874 651 887 15 588 91 790 586 243 886 418 141 83 961 977 113 18 274
18
526 437 584 65 73 805 697 108 888 522 222 487 814 177 32 368 593 50
17
922 682 3 9 225 145 604 479 554 707 959 959 853 440 107 169 712
17
620 151 35 134 455 923 200 463 941 907 426 685 624 641 536 872 712
19
860 541 466 416 214 570 911 988 531 628 769 846 938 464 578 806 381 583 892
17
146 314 805 413 227 893 696 288 592 604 7 125 250 585 363 112 585
17
559 41 461 491 595 638 155 972 935 551 254 671 376 522 657 211 504
16
860 734 591 54 356 707 478 373 492 788 413 764 675 464 551 427
15
856 224 719 693 516 848 717 102 314 839 488 410 720 813 840
15
876 205 28 468 645 979 70 407 386 673 792 78 482 830 220
16
414 753 161 147 542 420 712 118 616 513 423 627 541 441 95 473
16
548 127 657 232 557 464 112 906 952 951 269 717 339 111 587 367
15
41 376 444 513 50 147 295 934 565 568 966 125 377 204 554
19
679 740 406 672 123 732 410 795 827 642 196 55 271 378 955 237 496 28 408
17
855 391 695 915 41 32 552 23 716 846 567 188 470 895 33 30 327
17
344 215 286 315 356 343 316 898 229 951 268 949 807 795 285 684 800
19
903 277 975 250 592 206 801 227 210 170 634 196 850 191 257 84 183 669 202
19
342 245 338 579 814 617 300 99 411 22 284 568 385 610 171 671 681 716 723
16
335 126 956 373 545 649 759 418 529 316 716 348 981 752 64 694
19
164 90 844 612 692 832 756 602 963 211 406 92 230 176 481 410 816 107 272
16
843 393 558 237 707 461 819 281 885 334 615 30 712 997 676 206
16
350 781 94 191 930 694 458 284 150 885 954 916 776 522 677 339
17
502 178 382 186 908 108 615 254 352 717 999 849 270 571 450 342 605
19
318 872 141 752 466 718 134 277 251 548 645 337 833 86 23 455 983 715 106
16
117 260 54 186 113 419 472 467 162 93 163 97 526 563 1 715
16
148 186 475 634 665 843 233 507 836 285 355 701 79 275 91 10
16
909 445 227 861 226 688 108 438 6 34 172 261 304 498 557 624
20
138 863 481 971 200 919 597 426 249 803 596 225 517 782 872 679 114 522 469 648
18
757 112 309 665 580 521 540 822 758 546 4 387 509 34 266 251 155 179
16
804 350 99 657 343 498 927 136 823 851 317 531 733 755 271 320
16
157 188 584 290 250 493 208 455 242 582 135 694 663 940 890 869
17
443 462 872 964 735 752 139 700 645 692 425 197 346 983 742 859 924
18
689 358 327 954 761 588 406 639 888 124 97 78 744 377 106 965 846 266
20
20 833 12 765 5 505 51 664 519 882 193 950 708 887 618 421 20 534 445 89
19
662 955 741 584 80 598 569 349 744 203 933 182 200 194 487 565 541 483 411
15
12 98 351 907 985 806 561 448 934 879 930 868 817 149 56
16
900 743 788 172 300 201 525 469 340 562 358 747 740 912 987 960
16
346 30 148 218 151 841 889 752 445 966 622 293 736 480 415 690
18
124 939 61 409 147 572 389 1 101 810 935 204 999 732 766 483 563 25
19
337 776 767 661 335 116 370 755 872 918 138 557 517 341 907 949 390 771 361
18
948 106 84 755 758 837 981 514 509 91 150 123 356 863 469 714 7 590
20
164 109 561 798 177 247 602 978 357 829 987 877 800 115 756 406 448 21 200 763
16
114 239 117 950 904 56 600 573 707 736 104 191 98 736 247 227
16
360 132 715 226 172 788 920 280 243 481 861 171 918 640 55 293
20
768 826 960 870 727 210 728 986 673 557 447 819 588 597 959 789 768 170 325 970
19
314 189 881 483 363 281 264 917 887 276 877 714 598 524 577 85 620 997 163
16
665 363 356 346 465 395 482 428 901 474 798 271 148 853 967 807
15
100 36 990 347 208 682 732 356 553 847 829 834 422 28 643
18
911 233 62 647 607 176 962 429 443 767 856 419 667 362 4 314 746 297
20
767 23 102 490 866 614 795 743 509 6 898 11 15 505 201 641 257 445 614 7
16
786 463 468 739 144 391 680 330 528 165 89 295 129 326 734 685
16
312 32 311 483 560 417 499 916 133 158 902 406 181 954 534 885
19
353 582 158 695 491 195 661 638 696 916 610 277 979 62 334 83 694 724 823
19
243 135 801 644 496 855 5 589 886 656 669 655 381 845 572 595 199 243 329
18
97 683 149 888 26 257 717 572 45 980 440 714 976 220 877 554 464 949
17
258 415 413 870 304 957 856 85 724 28 677 800 781 890 693 453 990
17
1 748 267 71 851 476 629 339 598 540 659 845 778 883 498 217 141
15
67 640 537 599 345 980 208 500 821 40 551 701 228 588 62
19
45 366 573 533 63 50 839 81 376 788 384 740 750 657 898 50 742 610 79
16
73 990 459 13 445 231 992 682 195 296 671 882 594 725 542 758
17
243 201 605 862 485 319 43 201 269 559 778 655 173 380 325 627 155
16
249 246 208 106 274 450 69 479 556 334 583 779 23 449 714 344
18
396 849 940 332 325 359 477 587 731 72 146 367 66 284 664 890 883 641
17
551 3 873 315 745 352 138 85 795 454 587 361 232 116 468 754 501
16
142 486 403 341 108 473 676 24 265 8 315 439 366 589 844 239
15
737 841 332 554 305 886 926 186 468 628 372 315 441 68 480
17
393 496 659 63 911 481 873 691 69 422 36 173 258 680 450 708 901
18
612 258 422 411 410 155 534 690 962 904 622 527 675 575 462 671 153 614
18
425 839 67 680 2 609 665 206 11 323 273 140 434 761 159 219 10 60
18
602 578 323 321 841 956 686 812 350 481 377 879 808 661 308 499 294 439
19
465 436 987 979 890 533 853 283 354 216 931 915 126 522 669 286 338 277 125
20
306 10 273 263 549 561 743 336 693 878 304 46 761 585 53 461 50 47 145 576
19
458 234 112 678 688 110 646 367 522 661 385 289 429 725 727 409 621 855 132
19
878 304 284 900 977 960 988 444 488 260 681 695 13 197 536 991 589 817 993
19
584 268 82 691 957 95 996 308 861 568 848 931 861 250 933 764 990 24 74
16
879 742 62 302 554 610 215 22 866 16 530 244 606 469 479 547
20
66 345 564 662 151 499 519 118 458 751 666 78 593 672 956 604 162 776 163 33
17
227 121 14 991 588 900 251 148 490 842 144 996 186 178 762 833 352
16
45 998 116 227 907 926 991 159 756 787 436 869 348 794 677 610
19
841 733 282 11 631 561 375 184 906 524 586 840 573 930 748 183 272 519 240
16
634 749 669 291 671 13 609 585 349 850 169 91 774 932 605 537
18
716 65 465 210 131 618 266 433 567 730 27 438 925 629 388 657 227 286
20
591 993 177 856 753 985 788 384 997 772 840 74 195 420 46 904 605 218 21 913
19
865 360 977 685 33 269 505 11 389 255 383 404 154 598 952 820 958 411 263
17
212 222 732 713 675 168 906 313 213 939 121 807 223 214 110 372 7
20
831 740 590 999 510 536 417 647 781 56 699 460 363 922 539 786 729 70 400 616
15
193 729 103 746 331 908 196 853 621 380 351 338 840 490 400
17
13 233 86 183 904 239 572 622 627 107 338 476 403 374 287 846 108
19
377 490 76 784 339 405 925 747 742 646 728 426 614 647 231 941 951 297 841
16
685 341 129 870 420 10 35 287 783 173 1 609 864 210 613 144
18
913 276 385 573 982 128 200 228 149 944 247 457 70 389 31 982 466 286
18
715 948 210 221 960 503 909 691 355 341 67 5 56 36 599 671 383 80
17
479 36 45 125 746 451 977 38 744 45 907 558 767 902 36 419 160
15
958 869 832 116 324 673 109 703 233 981 982 624 865 177 909
16
874 182 457 495 629 613 544 641 54 720 74 560 24 133 398 70
18
744 410 930 504 605 298 639 112 112 705 444 336 326 127 428 552 539 578
16
297 687 507 898 414 396 64 3 475 862 810 892 271 348 285 948
16
298 742 514 197 289 647 47 68 403 797 374 764 511 587 408 429
18
372 248 842 363 344 764 144 646 891 541 764 36 545 235 938 980 238 962
18
112 402 255 95 338 602 623 152 521 514 496 158 69 303 719 652 437 235
17
617 556 355 438 515 777 289 262 907 224 820 821 838 623 33 763 102
15
647 648 604 540 18 157 361 173 311 716 57 783 139 835 351
20
897 957 144 777 363 714 589 814 996 179 523 287 269 105 984 336 585 651 921 126
18
283 490 536 259 535 357 481 716 606 974 819 716 911 748 487 753 710 396
18
226 245 664 860 395 690 486 646 571 409 330 176 881 744 98 898 812 659
17
899 110 621 834 996 600 9 639 399 984 260 302 416 108 280 575 843
15
588 39 196 775 984 516 507 487 923 718 504 203 745 716 149
18
867 855 963 195 442 942 198 442 641 810 418 14 346 863 339 333 200 497
16
390 346 68 312 378 909 303 790 480 971 8 817 530 142 561 519
17
372 273 888 722 922 805 714 819 967 356 551 209 22 474 325 305 818
16
210 358 906 689 207 551 936 954 940 406 227 603 622 266 544 489
19
503 209 342 629 491 275 648 906 49 364 363 361 122 451 226 422 888 42 106
16
576 6 612 331 991 767 551 792 511 712 427 428 475 720 149 418
17
852 422 379 793 347 333 500 333 713 884 121 157 518 134 615 10 394
20
456 69 149 292 366 793 471 728 837 784 535 424 698 387 242 935 353 263 443 159
20
186 235 342 655 55 100 625 24 160 508 417 70 898 415 238 203 285 325 956 835
18
536 334 266 206 877 598 234 138 684 752 264 253 12 398 795 136 674 71
16
797 488 723 177 613 114 573 552 604 902 995 878 65 300 952 109
18
987 823 98 831 689 946 817 248 47 329 340 179 95 363 926 569 26 913
19
650 932 878 394 576 597 200 14 892 839 697 968 179 796 687 411 344 160 162
15
86 108 373 537 448 324 451 98 50 566 433 90 323 816 83
20
503 768 872 382 824 477 628 211 628 583 389 805 533 195 388 947 287 127 896 473
19
331 80 486 249 675 467 15 414 929 521 104 9 960 226 274 494 823 462 533
15
979 142 1 179 247 196 822 549 508 225 702 968 181 174 622
20
229 279 856 666 253 935 510 85 99 350 370 923 754 423 234 793 991 215 803 572
20
876 91 636 370 398 775 845 205 340 513 191 883 552 953 608 838 887 173 487 214
16
340 493 907 436 669 913 225 251 768 601 361 35 686 102 988 964
18
716 375 59 334 978 309 612 528 102 576 839 427 896 335 44 503 402 537
16
658 670 810 220 447 591 201 507 467 21 504 361 25 221 279 302
19
749 192 937 242 554 656 981 822 952 192 111 729 884 286 728 34 431 848 366
18
637 945 853 886 855 437 508 253 207 777 565 17 957 490 820 43 563 524
16
938 376 654 1 431 461 660 759 743 789 320 800 694 587 729 46
15
192 77 281 803 127 814 617 604 252 880 799 426 221 636 42
18
231 386 567 452 620 341 639 618 160 869 967 868 17 213 468 31 159 319
15
231 681 973 646 669 592 899 755 433 178 90 628 221 431 54
16
637 596 325 363 759 577 4 281 839 542 189 741 616 178 713 681
15
668 792 977 198 65 367 726 713 670 607 987 757 730 927 900
15
122 911 504 483 38 561 149 778 449 878 348 31 902 314 817
16
179 77 494 781 648 981 978 648 333 350 578 368 685 59 708 801
20
838 841 628 706 866 319 229 802 729 16 307 858 177 600 453 691 99 267 371 930
20
76 357 142 73 528 697 957 908 144 326 407 550 38 293 977 722 39 30 874 344
19
779 737 591 604 927 799 811 297 370 861 977 141 38 549 648 924 589 687 831
20
104 671 566 615 895 960 239 410 951 857 523 259 665 172 194 196 610 345 450 252
19
657 628 152 694 210 236 624 499 555 625 647 666 469 357 31 767 416 734 316
19
21 40 305 739 953 367 617 563 843 425 803 54 744 930 853 282 766 106 281
19
576 16 779 288 526 647 499 40 421 78 342 265 85 636 102 150 11 77 371
17
226 472 383 458 794 601 320 481 943 172 285 411 218 652 703 443 63
17
638 893 916 723 31 602 265 579 763 47 139 197 942 86 447 21 970
19
924 317 13 585 849 357 204 257 261 111 756 662 450 496 896 12 973 300 379
18
86 193 428 374 709 276 779 723 731 816 221 835 43 930 509 824 440 414
16
368 871 310 179 714 101 251 588 662 177 537 225 299 347 884 495
18
798 845 870 44 706 459 473 845 412 227 251 906 425 707 828 47 493 203
20
69 626 668 633 749 962 639 185 276 847 4 694 959 108 81 335 90 22 612 75
18
978 763 396 487 944 128 371 113 524 339 546 614 202 788 686 890 750 835
20
689 592 850 429 480 646 668 113 26 890 527 851 744 504 924 583 28 737 896 167
19
390 857 179 215 923 444 476 365 118 549 990 916 107 31 833 924 955 139 758
19
847 727 700 307 817 787 60 479 407 99 997 642 196 140 787 92 375 197 535
18
78 242 915 948 25 223 128 692 312 838 830 154 187 369 656 689 730 644
20
42 434 471 38 364 351 309 862 526 895 688 998 493 528 571 948 186 193 601 851
20
25 984 635 524 372 483 505 116 557 719 753 338 209 917 811 808 212 255 691 759
15
186 159 359 552 628 419 401 576 426 248 681 215 842 217 788
16
187 793 127 375 42 253 214 785 210 297 715 883 871 866 270 812
16
959 274 84 835 638 944 877 362 142 269 313 837 812 219 909 280
17
369 102 402 381 862 483 861 389 442 70 190 765 71 305 115 54 742
19
943 290 329 200 615 941 553 620 238 416 920 229 945 482 910 338 81 294 376
19
46 923 932 670 231 664 17 940 907 304 501 48 591 780 359 809 178 271 115
17
115 878 100 764 820 486 223 299 836 611 822 731 303 301 269 981 7
17
47 46 174 956 310 910 583 18 899 43 565 307 781 973 631 661 175
18
288 743 815 898 998 335 116 775 472 632 887 792 269 885 82 301 809 830
17
126 606 509 411 6 893 548 772 85 318 358 445 1 799 846 29 839
19
358 519 7 708 559 853 923 463 67 848 152 564 976 19 942 887 464 808 737
16
932 720 944 289 568 370 546 910 188 790 220 413 969 437 586 894
19
533 546 929 741 463 49 157 120 935 484 363 945 224 80 243 680 190 417 334
16
509 315 971 41 952 928 560 614 90 303 371 766 274 931 466 899
17
108 398 128 204 381 195 899 464 482 821 158 326 819 466 601 165 958
18
619 536 565 76 906 61 936 648 585 979 955 474 65 6 91 113 628 931
20
711 762 121 841 810 716 254 87 488 288 922 121 491 523 630 789 753 788 774 614
17
779 572 129 270 989 795 328 42 474 471 796 815 960 449 749 41 974
17
902 150 586 608 46 973 322 504 873 937 208 104 237 960 504 762 682
16
560 447 332 528 485 279 744 48 504 884 346 305 701 780 59 773
16
99 696 852 169 492 37 909 298 190 217 401 980 42 368 350 975
20
660 451 637 709 379 477 420 367 579 930 112 547 368 475 964 122 694 229 97 208
16
150 121 72 554 912 883 430 365 686 899 720 785 13 48 671 610
16
278 28 48 428 917 920 41 940 189 246 118 767 702 858 624 313
18
129 330 267 690 935 789 119 115 634 729 876 181 158 808 873 453 754 81
20
178 683 88 474 750 204 207 605 10 561 818 396 608 487 614 586 613 778 469 713
18
334 563 362 141 967 16 366 528 228 595 915 187 958 248 259 268 515 819
18
75 798 807 838 581 53 704 303 494 630 527 817 334 863 414 873 520 804
19
958 409 65 411 815 46 15 999 853 102 302 808 752 96 22 811 604 738 803
16
213 32 447 836 818 644 329 44 472 851 781 40 967 84 533 732
18
416 476 100 429 895 877 830 641 847 366 813 18 711 927 178 507 372 555
16
48 863 515 913 56 993 7 793 73 441 882 552 917 473 167 309
19
484 149 925 929 93 835 800 763 904 953 469 976 106 963 327 639 336 483 489
18
690 578 296 958 747 865 861 660 903 951 273 655 715 932 186 731 356 809
19
799 975 938 573 558 31 347 72 69 131 659 709 305 610 518 20 102 525 223
19
455 611 249 122 436 903 849 55 712 138 125 216 56 755 655 647 893 779 515
16
123 869 145 669 436 69 708 9 166 426 974 17 617 190 312 55
20
592 565 308 882 601 691 857 308 890 813 532 604 847 240 163 1 435 852 219 841
15
558 565 251 617 884 524 427 203 813 891 677 820 245 75 595
17
529 410 363 799 549 858 697 282 733 917 877 767 755 198 178 404 672
18
49 113 96 633 737 514 309 651 51 211 137 494 465 793 599 601 998 775
15
319 385 576 980 633 129 289 354 690 156 341 196 574 240 324
18
974 169 391 859 835 866 947 934 513 85 91 976 799 84 938 45 103 742
15
957 222 342 689 393 509 153 366 228 322 159 743 616 742 73
20
108 254 942 297 43 263 593 194 652 753 75 109 361 988 356 59 998 782 914 158
15
889 910 651 577 484 26 60 518 970 974 728 40 502 61 93
19
7 628 859 155 737 125 421 706 465 551 158 986 317 746 587 692 643 269 494
15
764 372 583 790 674 691 931 672 253 415 199 483 564 468 971
19
746 292 984 680 16 880 975 201 712 167 548 266 427 208 429 336 846 555 62
19
431 921 85 291 206 163 345 315 700 429 136 815 134 166 55 343 452 761 998
18
615 301 601 463 8 821 959 667 782 268 358 275 652 768 66 740 478 792
20
145 120 64 907 462 553 557 646 381 641 551 43 181 431 115 193 819 663 907 294
17
341 193 787 555 366 308 570 630 116 436 208 622 1 237 363 154 663
19
419 405 982 440 896 975 521 339 939 105 500 686 520 289 858 935 534 17 229
18
60 538 356 587 950 206 208 747 205 46 494 189 919 160 16 394 349 733
20
166 308 807 429 628 493 716 105 533 937 3 695 475 25 186 385 964 382 694 315
18
105 281 880 792 886 261 656 228 848 173 868 167 874 726 854 569 828 227
17
363 455 433 928 829 35 805 848 764 418 677 665 590 549 409 18 182
16
179 341 613 512 135 24 706 374 831 3 959 177 117 363 87 725
17
8 17 640 120 682 546 916 975 60 414 477 187 409 927 984 421 154
19
340 104 760 363 332 537 326 594 48 959 294 914 201 866 724 568 251 520 236
18
470 363 359 256 78 879 319 665 581 714 165 812 137 144 548 122 175 205
18
898 388 75 832 548 953 48 130 43 283 427 221 149 19 16 178 558 436
19
735 783 216 894 898 518 405 165 485 18 663 505 735 89 345 956 347 855 922
16
547 66 491 681 267 675 38 957 689 475 352 717 68 928 411 655
19
759 674 633 321 417 236 2 453 633 97 127 451 835 962 864 119 448 133 297
19
6 300 420 937 415 819 749 647 471 60 732 428 497 959 361 127 702 917 179
17
596 895 396 212 917 808 576 471 766 530 903 126 974 114 166 657 250
19
941 235 327 815 966 892 737 930 331 701 262 718 198 85 499 43 568 188 898
16
237 286 944 531 41 471 172 200 521 701 216 611 417 405 666 957
17
418 503 851 517 472 316 725 525 286 981 746 837 309 155 862 4 126
16
914 22 384 451 263 125 27 913 818 883 490 415 193 941 126 524
17
38 769 800 968 776 599 278 505 868 142 571 93 346 260 828 107 996
19
398 249 209 668 688 68 929 333 212 786 281 676 378 868 754 941 50 710 673
15
254 862 272 243 658 484 519 347 831 819 147 396 96 445 698
15
982 46 962 115 400 704 310 547 813 231 656 921 785 902 843
18
146 267 541 2 28 610 627 847 144 901 5 623 676 817 307 161 168 296
17
988 481 736 426 968 268 478 871 461 488 39 186 90 569 391 783 797
19
956 465 325 381 818 146 914 849 284 94 670 12 663 286 207 645 214 505 716
17
384 2 88 781 415 873 155 774 660 795 977 428 205 108 409 685 15
17
716 10 642 333 62 592 395 188 87 246 620 858 361 980 468 652 805
18
593 833 980 190 82 582 350 177 395 641 613 387 989 117 97 685 164 392
15
213 571 498 765 361 368 684 968 489 271 881 420 602 240 617
19
571 550 732 749 489 775 987 312 693 685 646 670 557 743 66 504 789 389 742
18
320 534 570 834 985 65 843 934 50 958 433 913 474 980 383 371 215 78
19
599 264 880 10 290 561 453 646 542 592 91 902 48 942 460 137 888 826 391
16
730 450 108 125 124 414 263 864 658 157 23 780 376 550 772 742
19
953 323 447 183 848 864 929 574 443 530 159 110 609 34 939 800 284 874 258
19
269 868 895 658 950 231 552 965 964 92 979 846 856 84 581 487 276 92 802
20
767 888 234 718 855 309 202 778 507 629 99 790 963 121 865 545 813 740 805 295
16
683 145 542 330 575 127 886 249 191 476 751 135 396 952 875 103
19
727 126 507 437 935 347 864 749 505 528 828 253 126 14 81 351 542 197 759
16
333 399 721 41 345 737 942 644 116 77 753 317 276 407 82 619
18
599 926 802 299 910 41 98 193 776 999 12 19 309 172 339 140 274 165
17
257 979 999 2 540 430 17 549 246 101 452 437 79 515 484 919 841
17
945 718 206 893 692 146 83 15 138 983 762 891 45 783 194 566 453
17
63 623 650 797 708 272 387 306 112 330 981 312 814 205 677 796 957
16
850 9 11 418 656 905 610 997 679 859 638 973 529 248 83 724
18
66 873 118 947 9 619 590 908 43 971 466 166 9 6 596 261 567 370
16
413 746 619 853 447 987 304 96 542 407 566 931 36 549 592 772
19
645 370 334 675 359 572 105 852 382 851 247 775 100 49 324 341 849 610 711
20
723 483 124 437 322 47 845 467 986 620 402 97 537 574 748 697 579 724 402 463
18
616 425 855 578 481 243 309 422 375 117 657 686 748 675 825 900 595 473
19
860 528 34 207 73 751 213 465 163 158 887 861 391 782 775 770 361 705 837
20
730 629 977 324 633 822 173 401 384 20 1 981 264 128 858 966 887 425 162 521
18
22 162 718 730 201 547 789 533 756 83 591 880 890 305 188 300 212 115
18
159 268 330 823 110 177 884 503 122 849 71 293 363 614 551 88 828 623
15
932 460 289 625 321 337 431 279 271 322 952 653 65 235 435
16
230 213 760 434 56 902 908 801 281 202 8 499 564 945 212 929
17
483 542 343 164 440 504 622 238 131 365 898 558 930 252 897 18 238
16
764 620 371 276 398 956 781 441 378 19 355 389 256 606 118 667
17
921 210 786 417 302 24 888 116 546 177 689 224 800 732 40 923 539
15
197 611 97 643 267 490 458 587 773 135 222 514 448 858 840
17
809 626 389 377 862 243 57 978 72 505 235 542 869 527 19 583 143
19
89 79 3 756 653 46 653 176 822 965 187 556 181 853 537 517 73 711 916
16
207 650 627 65 795 690 572 785 928 451 232 491 712 655 911 123
17
274 204 724 552 342 476 841 577 574 998 399 113 668 671 54 813 188
16
515 118 599 310 840 773 215 80 640 480 684 940 87 331 913 101
17
756 650 784 414 379 164 803 477 131 111 448 297 31 837 336 167 956
16
568 60 73 283 656 181 663 31 850 879 183 105 532 224 157 896
19
247 987 625 914 284 492 607 887 786 432 755 785 129 562 288 142 929 612 183
17
527 50 46 307 271 969 692 325 582 448 172 898 947 764 457 401 601
18
114 457 611 523 265 367 988 958 407 458 564 603 772 507 242 998 653 763
17
925 375 343 526 680 569 940 658 266 635 785 829 557 499 817 672 41
17
368 49 332 594 120 883 193 869 591 370 993 328 871 671 134 341 644
19
340 810 89 362 588 678 515 205 923 13 326 446 731 518 122 589 518 189 706
18
962 308 330 382 324 264 586 392 999 885 71 47 394 696 263 486 126 714
20
493 176 147 572 799 376 254 911 74 76 651 930 471 431 722 802 688 585 657 486
16
991 188 69 566 450 556 404 989 48 177 750 333 842 687 907 583
20
263 253 173 784 92 768 92 877 18 124 187 608 435 345 949 99 704 931 912 544
18
407 277 55 792 478 613 196 784 818 64 604 567 160 229 683 967 661 981
17
628 434 678 307 177 250 996 483 510 669 898 320 215 800 381 101 365
17
382 74 187 488 248 516 12 682 159 970 570 440 576 946 378 102 425
16
275 380 38 547 766 192 117 716 716 671 787 809 481 742 601 220
18
777 431 571 142 422 912 409 75 905 416 982 601 927 418 279 483 250 503
18
632 639 834 708 108 123 345 399 652 294 655 654 477 728 269 1 299 195
18
762 279 756 689 317 363 879 720 134 807 722 985 778 191 317 585 135 484
17
278 201 755 301 328 596 187 981 541 782 460 914 988 353 895 198 654
16
367 696 214 845 297 735 936 421 906 833 244 15 677 537 790 30
18
24 706 972 668 468 294 123 340 765 882 694 963 153 644 304 918 612 977
19
309 847 997 332 561 101 21 307 894 236 504 106 307 416 310 510 933 223 535
20
352 204 342 146 721 707 632 321 168 714 327 895 786 638 583 109 944 526 42 221
17
718 218 64 684 909 974 396 247 331 806 3 730 275 294 196 487 301
17
963 760 798 629 185 204 761 597 708 323 639 383 465 707 876 604 584
19
285 794 470 561 798 491 359 506 877 284 187 300 98 687 387 784 580 545 435
16
176 639 869 245 192 180 729 769 672 523 962 941 702 732 488 964
15
852 919 358 758 433 187 467 427 195 445 123 772 937 511 700
18
534 534 820 828 301 231 182 993 858 222 578 357 872 306 59 454 826 169
19
613 971 725 982 183 46 950 21 562 39 201 999 53 337 746 382 798 503 718
17
91 946 933 353 675 551 259 854 657 101 314 186 576 974 99 312 267
17
66 283 570 708 958 362 273 603 965 38 459 443 693 470 108 331 886
16
397 943 991 545 467 538 902 924 666 218 95 96 891 830 855 949
20
12 68 147 64 580 901 347 282 424 703 641 120 387 474 615 149 909 826 640 849
16
792 616 569 705 737 746 766 715 761 210 191 232 461 896 3 640
19
496 911 901 286 772 965 890 943 670 361 553 882 420 734 86 634 768 928 28
20
234 623 715 814 140 626 63 409 676 283 846 499 821 328 756 644 200 205 619 491
18
506 391 626 604 403 646 19 335 492 890 178 85 576 851 605 94 906 87
18
625 824 201 218 859 822 79 582 604 797 938 188 247 96 769 681 612 919
20
53 161 616 453 127 274 633 535 863 703 239 778 335 856 276 641 278 686 186 562
18
721 172 952 337 262 937 697 549 822 198 191 959 658 492 463 73 568 430
19
768 650 356 460 447 7 638 861 248 866 256 398 658 596 637 197 599 998 310
17
35 458 298 749 99 971 391 942 709 602 392 949 393 836 826 966 757
16
286 307 89 155 952 699 334 623 907 489 953 824 297 441 792 959
18
507 113 733 348 485 284 578 806 833 981 169 552 13 113 278 527 400 137
15
75 83 75 295 901 865 659 39 413 639 66 41 889 651 487
15
263 580 585 474 429 789 377 304 538 92 928 270 283 103 509
19
33 45 521 78 77 797 639 19 628 605 778 219 252 967 96 286 721 239 268
15
489 846 943 188 501 165 106 66 223 184 459 83 777 974 120
19
473 562 566 307 779 878 963 973 413 854 554 105 774 360 446 993 953 867 336
20
51 450 494 836 431 600 962 186 352 282 95 688 228 736 918 605 414 306 666 268
18
671 384 608 796 955 774 12 511 809 459 683 54 588 900 480 404 972 484
15
631 352 612 961 361 615 277 699 510 145 232 918 767 263 217
17
221 303 642 912 347 428 159 700 633 430 49 790 614 540 877 122 368
18
948 352 106 989 109 263 959 739 51 901 851 492 424 855 116 275 668 184
18
718 167 812 435 824 356 539 425 531 308 838 88 991 219 467 418 608 303
20
58 486 446 87 216 87 761 44 596 357 218 825 255 834 895 906 448 514 833 177
19
35 391 916 70 758 818 673 258 466 646 689 100 632 573 49 779 391 649 939
19
189 767 563 958 333 545 156 485 69 668 202 560 714 497 755 433 858 490 587
15
285 19 495 446 655 561 603 360 562 104 70 163 313 149 423
20
655 451 253 239 729 466 714 116 528 22 980 20 663 798 302 128 144 10 85 600
18
599 151 559 917 23 468 18 618 43 696 646 896 516 373 477 808 614 622
18
194 708 246 694 304 366 727 813 16 547 385 394 16 717 875 935 802 609
17
464 753 120 25 605 347 94 804 857 771 66 664 325 281 529 122 233
17
160 67 474 467 51 823 409 921 422 55 238 405 64 421 729 306 681
17
410 630 355 952 704 940 899 447 14 782 687 124 992 881 29 879 562
19
934 431 237 27 472 108 616 129 113 459 938 49 989 40 191 712 757 650 891
16
492 12 681 534 59 930 709 371 867 631 770 167 544 532 856 255
20
398 778 179 650 297 249 611 699 464 447 493 708 879 964 478 247 759 661 460 556
17
552 668 345 428 625 444 422 62 745 152 730 643 738 306 280 622 277
15
171 692 224 735 340 444 289 299 673 739 126 44 471 65 477
16
723 452 673 586 639 1 103 547 323 618 516 146 933 891 765 126
19
393 662 285 850 82 901 75 623 200 431 691 472 311 999 255 530 182 737 888
16
369 896 210 317 888 355 280 516 257 411 184 767 425 402 339 923
16
841 510 621 302 169 967 434 11 97 613 23 571 517 377 24 936
17
55 322 421 207 29 520 980 450 75 756 648 1 373 945 215 881 887
16
206 167 306 985 155 887 856 313 869 543 796 777 334 914 753 803
17
188 190 708 831 670 364 338 97 356 232 418 912 266 783 893 544 808
19
666 560 71 398 928 733 81 187 222 747 646 867 812 437 357 241 838 248 287
15
345 858 63 625 96 815 31 537 623 812 528 742 28 817 166
18
118 626 246 182 839 604 415 994 495 355 657 503 765 893 145 600 986 94
17
238 116 314 273 960 709 57 76 15 265 796 353 609 521 772 326 641
17
557 645 411 663 423 84 936 986 112 850 902 895 736 839 252 256 5
15
890 305 650 113 128 17 847 149 809 806 91 64 659 123 464
17
923 443 425 63 237 113 307 632 453 455 26 745 500 666 414 202 216
15
940 278 700 451 281 601 226 58 947 150 907 855 109 747 40
17
508 877 16 220 305 607 314 464 982 126 38 963 405 497 392 79 696
16
703 612 185 198 417 933 658 513 558 840 953 833 964 402 822 497
17
953 191 553 55 309 54 719 538 832 654 643 295 216 513 277 448 516
17
941 93 553 954 218 565 372 841 498 119 342 495 459 723 762 628 60
15
369 766 423 329 910 490 479 1 215 80 448 471 811 131 13
16
611 490 369 810 192 961 3 490 404 426 817 469 555 226 656 777
19
27 363 414 553 653 98 23 455 470 845 61 713 829 611 357 480 240 207 673
20
493 472 124 376 679 814 395 332 216 259 214 518 116 546 82 832 336 608 180 740
18
336 596 467 786 207 188 104 419 625 905 720 877 777 695 622 725 9 973
18
838 775 875 593 176 605 788 57 165 267 385 577 802 760 614 168 610 300
19
319 552 773 715 667 195 782 553 888 990 528 640 91 577 636 768 433 701 23
15
107 968 169 738 336 544 101 107 206 23 290 512 964 361 607
15
968 833 309 527 510 384 935 170 22 952 799 185 252 241 354
16
137 26 64 465 311 444 633 72 210 638 760 614 821 217 191 103
18
881 284 783 569 10 455 591 853 161 559 692 441 686 263 196 196 30 420
16
241 745 909 354 660 438 774 673 989 400 875 668 287 414 606 61
20
415 376 862 640 636 354 28 942 585 754 351 558 259 821 238 858 415 494 565 838
20
591 347 373 344 205 923 607 898 900 763 76 862 902 307 12 541 130 982 309 956
16
444 884 538 180 860 883 239 220 390 123 741 236 45 677 437 353
16
554 302 912 120 306 785 342 984 994 244 316 205 237 4 943 225
16
755 27 47 296 929 111 721 158 363 896 559 145 821 446 169 278
16
271 19 285 127 576 680 754 329 257 477 400 460 675 336 305 205
18
666 588 6 962 365 286 484 459 869 610 562 437 201 83 301 586 313 464
17
348 348 795 563 452 141 267 14 847 884 466 746 518 963 102 736 636
19
734 293 382 55 904 541 163 279 845 545 792 487 99 658 895 283 441 831 653
16
355 665 141 918 720 430 178 36 866 136 795 372 344 61 224 324
18
276 327 212 863 93 275 594 401 229 474 147 161 527 108 417 678 470 638
16
189 198 665 341 648 619 631 161 332 556 8 823 123 516 561 329
15
287 877 173 863 12 494 300 231 426 2 683 988 444 287 185
18
960 383 450 746 224 389 759 629 611 752 409 427 421 692 588 140 269 277
18
134 687 249 464 689 797 425 675 409 152 512 396 62 616 52 849 127 910
20
964 175 738 279 405 512 3 148 153 505 703 128 950 592 675 873 819 935 565 685
15
780 875 961 565 468 55 374 424 289 68 803 262 459 978 849
19
225 427 628 999 544 234 353 747 957 139 648 8 669 176 319 84 104 541 900
20
300 518 581 301 159 482 901 315 914 112 54 631 321 792 965 575 812 692 911 758
20
532 819 980 798 778 690 295 32 552 872 33 702 604 934 544 931 176 164 687 438
20
12 483 543 674 642 8 461 530 106 576 423 337 452 337 772 777 755 744 126 570
17
261 393 495 92 821 720 629 883 258 731 649 190 797 334 948 720 512
20
446 585 31 679 15 786 706 626 864 106 41 343 686 553 115 735 928 538 478 97
16
652 690 570 728 214 756 594 604 356 607 793 298 650 29 911 329
18
194 241 9 783 94 564 544 836 648 639 491 849 789 437 528 738 983 513
16
272 415 664 106 91 617 931 298 230 124 495 967 974 225 376 365
18
706 290 899 986 912 171 498 248 589 422 624 147 523 35 254 13 787 902
17
621 473 166 436 745 137 659 662 571 464 934 128 72 185 394 213 946
19
983 684 27 316 103 447 35 480 251 870 580 46 578 365 581 896 527 736 130
17
295 919 710 843 625 450 819 339 839 518 322 67 156 152 544 367 355
17
467 922 1 62 344 670 211 71 63 8 756 892 569 77 400 436 792
19
257 386 253 846 804 581 637 364 507 14 688 636 71 474 58 432 580 333 632
19
947 215 39 637 116 58 846 545 690 801 350 316 413 181 32 66 994 348 121
18
370 612 200 944 239 803 44 993 114 236 186 160 316 383 263 452 183 997
16
654 714 38 828 11 769 861 667 633 485 478 597 935 538 809 692
18
774 991 304 527 53 555 785 767 609 323 887 698 678 391 617 905 102 351
15
212 879 434 139 780 47 930 590 329 481 739 618 50 170 178
19
455 193 618 756 996 464 554 94 596 800 248 877 199 546 579 301 725 823 278
18
584 443 708 226 411 361 334 830 630 13 373 778 41 922 602 958 267 523
19
582 829 793 789 883 750 197 341 91 383 31 211 433 884 936 483 505 502 724
20
276 980 773 87 552 350 53 525 231 483 848 260 670 600 814 251 436 65 295 227
19
521 371 92 749 366 462 855 212 271 364 286 72 674 288 701 584 181 848 852
17
769 730 29 389 583 47 674 429 375 768 404 754 734 376 300 311 92
17
787 860 693 139 288 86 62 983 873 535 929 951 633 104 560 23 531
18
182 990 757 830 508 895 2 394 847 154 495 322 971 534 320 153 786 91
18
139 93 482 526 144 524 528 745 628 796 391 114 984 413 556 284 398 732
17
608 351 13 213 719 666 458 927 735 682 565 512 222 670 559 982 936
16
728 581 302 454 740 794 342 61 483 718 356 660 959 517 541 467
18
933 354 532 280 949 220 644 674 814 298 186 245 926 942 917 718 882 700
18
961 453 981 542 865 626 417 308 821 938 227 858 999 733 216 413 924 557
19
739 502 954 813 898 447 89 506 903 563 272 934 571 54 949 910 399 664 997
17
526 768 224 67 813 891 949 33 930 520 841 547 848 451 443 156 666
16
880 295 952 653 322 881 396 526 586 990 314 414 814 203 895 597
20
975 131 368 158 106 890 157 977 973 654 102 626 118 490 887 959 922 850 699 196
18
730 146 518 306 941 280 604 888 547 898 229 875 595 479 873 685 608 804
18
286 331 349 599 118 213 580 975 576 309 892 29 748 267 430 270 898 401
17
253 364 227 30 67 657 792 361 165 560 224 294 620 945 935 750 708
