100
-865844531 -574911040
-977123991 -378184978
-874041735 3967418
-32099683 349789999
627042810 -950999562
219039894 226508184
36325812 325316217
-654976079 -891101238
-368980658 -674821273
-365596331 -8715020
-692802170 163502636
780335245 -12911113
616085656 -40626764
-258957599 867318554
-408158404 -394510047
536793931 436471446
-604139916 104395591
-869331696 -914407040
978309422 -992068444
296235037 871055441
-673922958 -599962602
-31333513 80680329
-512432280 -355142760
465834386 -660033526
755423285 744743276
730056094 -39405193
-294609076 -172042895
-594002287 -355681165
-659813268 53322155
-127957642 -983155065
-166741958 394648859
-129912017 -407583373
671627861 215123003
516509683 815082189
991034566 254479232
-735256147 -705478451
418320524 -938732555
597835823 39184448
-112701790 -249670485
-488515685 -832981843
-662096866 -266860219
-7665767 -694758034
921583853 288769905
-559397656 904425767
458081688 376512707
-617562288 673011651
-849530463 -677910618
-284968720 203222413
264030025 830704861
-552025034 122912486
327216513 -982965239
-258447107 716848710
435582040 -624962665
361574931 488441131
-925689178 401667895
-382276929 -10239838
-74972933 -770519114
71440313 805639580
10146716 137787355
233544903 -837638984
800513841 574787630
465608684 225710519
82096864 -306988479
84785081 -815713480
-863205749 -344305081
-184696912 185819247
-496098565 -315953818
-30759027 398770405
-468710804 845878001
889303157 30650069
-403999660 140806539
212415964 206091854
-395268966 -862784134
405374322 627325874
-224726343 -483632715
949388854 86758233
-708477516 57451865
-561773845 274213412
-130773215 -159590972
371539964 -123843617
621112494 -51807535
-887747491 780476062
-327445826 -220475565
999028258 547450692
-944902764 10319158
398037224 177482833
552068887 -577032350
555272997 395450508
540020077 55388659
-978907818 -245274121
-805006225 -435704677
-625499850 69089334
-293090652 782111942
68973794 924971047
-149184939 397167892
-907912089 -585876153
92392802 580732452
34678625 -82686983
144272619 -348752051
-206579755 -897724175
