10
36 196
A 1
B 1
B 1
B 1
B 1
B 1
A 1
B 1
A 1
B 1
A 1
B 1
A 1
A 1
B 1
B 1
B 1
A 1
A 1
A 1
A 1
A 1
A 1
B 1
B 1
B 1
B 1
B 1
B 1
A 1
B 1
A 1
A 1
B 1
B 1
B 1
1 2
1 4
1 5
1 6
1 8
1 9
1 10
1 20
1 23
1 26
1 30
1 32
1 36
2 4
2 6
2 12
2 17
2 22
2 26
2 33
2 35
3 7
3 8
3 9
3 11
3 13
3 17
3 18
3 24
3 26
3 33
4 5
4 7
4 12
4 13
4 14
4 15
4 18
4 20
4 22
4 23
4 27
4 32
4 35
5 6
5 8
5 9
5 11
5 15
5 19
5 25
5 26
5 27
5 28
5 32
5 35
5 36
6 7
6 8
6 9
6 20
6 24
6 27
6 30
6 31
6 34
7 10
7 20
7 23
7 24
7 30
7 31
7 32
7 33
7 36
8 10
8 11
8 14
8 16
8 18
8 19
8 20
8 22
8 25
8 26
8 29
8 36
9 24
9 28
9 30
9 34
9 36
10 18
10 20
10 21
10 25
10 26
10 31
10 33
10 34
11 12
11 13
11 20
11 23
11 25
11 28
11 33
11 34
11 35
12 17
12 18
12 22
12 25
12 26
12 29
12 30
12 31
12 34
12 35
13 14
13 15
13 17
13 20
13 21
13 25
13 29
13 31
14 20
14 21
14 23
14 29
14 33
15 20
15 31
16 17
16 18
16 23
16 27
16 29
16 33
16 35
17 18
17 19
17 21
17 29
17 31
17 32
17 34
17 35
18 19
18 23
18 27
18 28
18 29
18 33
18 34
18 36
19 21
19 22
19 23
19 25
19 26
19 29
19 33
19 36
20 22
20 23
20 29
20 32
21 22
21 25
21 34
21 36
22 34
22 36
23 31
23 32
23 35
24 27
24 28
24 31
24 36
25 27
25 31
25 33
25 35
26 35
28 30
29 30
29 31
30 31
30 32
30 36
31 33
33 36
35 36
