100
1 2
01
11
10 10
0000101111 0001010011 1010110010 1011101101 1101011011 1111000110 0010011000 0110011000 0100100100 1101100101
0111010110 0011111101 1000111111 1010001000 0101001011 1001000011 1100110100 1110001000 0010100010 0101110101
10 10
0100011010 1011001001 1101000111 0100101010 1000000100 0010111100 1111111101 0110000011 0001110001 1011110110
1110110011 0011111001 1010001100 0101110111 1001000001 0011000110 1100011010 1100101010 0000110100 0111001101
10 10
1000011011 0100111101 0001001001 1111000010 0111101110 0000000110 1010110000 1011010001 0100110110 1111101101
1111100000 0100110111 0011011111 1011011100 0000000111 0000001100 0101111000 1100101010 1011110011 1110000001
2 4
1000 0100
0100 0101
10 10
0010100110 1101000001 1110110010 0011111000 1000001101 0110011011 1101111100 1000110110 0001001111 0111000001
1001000000 1101111001 0011000000 1111001110 0110001100 0011111101 0000110011 1100100111 0110110111 1000011010
5 9
000100101 101001010 110001001 100000001 100111110
001111111 111111110 100100001 010111010 011110100
1 3
001
101
10 10
1110100101 1010011110 0111001100 1001000010 0001101101 0000111100 1011110011 0111011011 0100000010 1100110001
0111111111 1101100001 1100110000 1000001110 1011000000 1011010111 0101001110 0010101001 0110010010 0000111101
5 4
1100 0101 1110 0000 1000
0101 1110 0111 1011 0011
7 6
000100 110001 001101 100110 011011 010111 001001
000101 011111 101110 001100 000001 111001 010011
10 10
1000100010 1010011010 0011000001 1110110100 1111011101 0101010111 0001101100 0010101111 0101011010 1100100001
0000101001 0110111111 0100010010 1010100011 1111100100 0111010001 1001011111 0000100100 1011001010 1101011100
4 9
001000111 101101011 000110001 011001010
000000100 100101000 110100101 101011110
3 6
101110 000100 010011
011111 100110 100010
4 9
001101100 101010000 001100000 001100100
001001101 100101101 111010010 001111001
10 10
1000110000 1110111100 0101110111 1111100110 0000011111 1001011011 0010000010 0011000001 0111001001 1100101100
1000100111 0011111110 0001100011 1001001100 0110110101 1111000000 1101010000 0100001011 0010111101 1110011010
10 10
0001110000 0111000111 0010001101 1110000010 1111111100 1111110100 0100001011 0001111111 1000111000 1000000011
0100100101 1100011110 0001101111 0010010010 0010011101 1101100000 1011100001 0111101001 1011011010 1100010110
1 8
01010011
11110110
10 10
0011100010 1011000001 0000110000 0011011101 0100101100 1000111111 0101101101 1111010010 1100001110 1110010011
0110010110 0011001011 1111110101 0000011001 1100101001 1000111010 0000100110 0111010111 1011000100 1101101000
10 10
0111111010 1101010111 1110101001 1100011001 1011110010 0100000101 1001110010 0010001100 0001000111 0010101100
0000111010 1100110010 0110000111 1110110010 1010010111 1011011001 0011000101 1001101001 0101101100 0101001100
4 6
111111 010111 010011 111011
000110 101110 000010 101010
10 10
1010100101 0010111100 0001010001 1111011000 0001111010 1101000101 1100010011 0100101110 1010000011 0111101110
1010100111 1001100001 1111110101 1001001010 0010111110 0100001000 0101011110 0111000011 0010011000 1100110101
9 6
000100 010000 000101 001101 000111 011101 110011 100101 101001
011111 001001 111011 000111 100001 001111 010100 011011 101110
3 5
01100 00111 01111
10111 11100 10100
5 5
10001 11001 11010 11000 01101
11010 00110 01110 01101 01111
1 10
0011001110
0011101110
10 10
0000110000 0011010101 1110011000 0010011001 1110001110 0001101110 1011101011 1101000101 1101110110 0100100011
0100011101 1110110000 1011010101 0000001110 0010100111 1101111011 1101001000 1110100110 0001010000 0011101011
7 6
111110 111000 010000 010101 110111 001111 101111
010111 101110 101100 111111 111110 010101 111010
1 2
00
01
3 6
101011 001101 000100
100000 101001 000110
5 9
100001011 000001010 011000100 010110101 101010001
110010011 111001010 000101110 101111010 010001100
4 8
11011111 10010111 10100110 11101110
10100110 11011111 11101110 10010111
4 6
111101 000110 001110 110011
100011 111111 011000 001001
5 6
000111 000011 010001 100010 001000
000101 101111 100100 100000 110110
4 9
001111111 101110001 110000000 000101100
010111011 010110011 001001010 010001101
10 10
0101010010 1000101000 1111100101 1100011000 0000010110 0110000111 0111110101 1011101111 0010011000 1001101011
0101101010 1101010100 0011111011 0000101110 1110010011 1100010111 0111100100 0010001001 1010011001 1001100100
1 5
01101
01010
2 6
000100 001111
001110 000101
4 6
010011 010001 101010 101000
010001 101000 101010 010011
7 5
10100 00111 11111 00001 11100 11101 10111
00010 00011 10110 10100 10101 01110 01000
10 10
0101101011 1110100010 1001100001 1000011101 1000010100 1101101100 0010010010 0111001110 0110111001 0011010111
0010111001 0111000001 0011001100 0100001111 1000111111 1100010100 1101100011 1001111010 0010110000 1111000110
9 9
001101010 010010101 100010111 010111111 100000010 011010011 000010111 100011010 111100111
101010000 000101001 111101000 000110110 100110001 001101001 101100111 001110001 011101110
2 8
11100101 01011111
00011111 10100101
6 9
101100111 101101110 101100011 011010101 011010001 011011100
011011100 101100011 011010001 101101110 011011000 101101010
1 3
010
110
10 10
0101101011 1101110001 0011001100 0001111100 1110010010 1110001001 1000010111 0001110000 1010101110 0110000111
1011100001 0011101111 1111000110 0100011000 0000000011 1101111111 1011111010 0110100100 0100010100 1000011001
2 9
011000110 100000100
100111100 011111110
10 10
0001100001 0110100010 0001010000 1101001101 1010110111 1001111100 1101011011 1110011100 0010001110 0110100011
0110001001 0010111000 1010100101 0110011111 0001110011 1010010100 1101100110 1001001010 1101100111 0101011000
10 10
0101111010 1011100110 1110001010 0011011100 1000100101 0110011000 1001110011 0100100011 0011011101 1100000101
0111010111 1010000111 0110000001 1011011110 0101000010 0000101110 1101111000 1000111100 1101111001 0010100001
7 10
0100001011 1111010100 1110011110 1000100110 1001000101 1110110001 0100101001
1011010010 1010011000 0000101111 1101000011 1100100000 0000001101 1010110111
2 8
01011110 00111011
00111001 01011100
3 9
000100001 101110000 010100110
110011010 010001011 111011111
2 8
01011010 01001100
00011010 00001100
4 8
11100011 10011110 11100001 10011100
01100011 00011100 01100001 00011110
1 3
000
101
5 7
1011001 0000110 1010000 0111111 0001111
0010111 0001111 1011101 1110011 1000100
2 7
1111011 0001111
1110000 0000100
10 10
0000101101 0100111001 0011001110 1101101110 0100100011 1110011010 1111010100 1011000101 1000110011 0011010000
0100111111 1001101011 1110000110 1010001000 1110011100 0010010110 0001100000 0101110001 0111001011 1001110101
2 6
011101 010010
100110 010000
8 6
011000 001111 111001 011100 111101 001011 111110 111010
101100 011110 001001 101111 001101 011010 101011 101000
5 7
1001001 1101000 1110111 1100101 0101100
1001000 0001100 1101001 1000101 1010111
7 9
011001001 100101010 011000101 011101010 101111111 100000000 110111011
100010010 101101101 011011011 011111000 011010111 110101001 100111000
4 6
001110 110011 000110 111011
000100 111001 001100 110001
6 9
101111001 101101100 111101100 101110000 001010011 010111111
111000011 110000011 110011001 111010111 011001010 101101010
10 10
0011010111 0110001100 1101100101 1111011000 0100101011 1011110111 1111110000 0000001011 1000110010 0000001100
0000001111 1110111101 0010110010 1011100110 0101011000 0010011010 0110011101 1001000001 1101100001 1101100110
3 10
1011101010 0001110110 1010000010
1011110001 0101100111 0100100000
10 8
10100101 00011101 00000000 01011100 01011011 11001010 01000111 10101110 11010010 11101001
11010101 11001000 00100001 10010100 01101101 10001111 01100110 00000010 10010011 00011010
10 10
1110110101 0001111100 1000001111 0001100011 1000101100 1111011001 0110001110 1100110010 0111000010 0011010001
0001100010 1110101111 1010010010 1110001100 0000101110 0111011100 1001111001 1000010101 0101110001 0111000011
4 8
01001101 01111100 00001010 01000110
11110101 00100100 11011000 10110110
10 10
1111111010 0100010111 0011001101 0010101100 0000010011 1111000000 1011111100 1100101110 1100110001 0001000011
1010010010 0110110000 0101111011 1011000010 1000101101 1110010110 1001001100 0101000001 0110101111 0001111101
10 10
1001001001 1110000010 0100001100 1100010111 1001101000 0000110011 1111111011 0011100100 0110011101 0011110110
0101111111 1011001110 1111110001 0111101010 1101100000 1000001011 0010110100 0010010101 1000011001 0100000110
7 9
011000001 111101101 000111000 010010010 100000011 000011110 011100111
110101111 011011101 110001010 100110011 100100000 101011111 111110001
6 7
1101100 1010001 1100100 1011100 1110101 1011011
0100101 0010000 0110100 0011101 0101101 0011010
2 8
00110111 01110100
10110011 11110000
10 10
1111111010 1010010011 0001000001 1100100100 1010011111 0100101110 0010010100 1111101001 0001100010 0101011101
1000010100 0110101001 1001100111 1101011000 0011010011 0000011110 1101111011 0011000000 1110101110 0110100101
10 10
0111110111 1001100100 1010010110 1000100000 0101001100 0110011011 1110111111 0001010001 1010001000 0101101011
1011011010 1111000111 1111100000 0011101111 0100110100 1100010000 0000011101 0010101011 0000000011 1101111100
4 5
11100 10001 11101 10000
10111 11011 11010 10110
9 10
0011000001 0110111101 0111000011 0001001110 0011111100 0001010100 1000111000 1011001111 1100011101
0111011010 0001101001 0111001011 0010110100 1000101010 0110111100 1001000001 0100011010 1001001110
4 5
01110 00011 10011 11110
11110 10011 01110 00011
1 3
101
000
8 9
000000101 000000110 101100010 011000011 100111011 001101000 001001011 000000001
100000111 101101001 101101010 001010100 110101100 101101110 000001101 100100100
10 10
0111101110 0000101001 1100011011 1000110111 1111010001 0010001110 1001010110 1101111001 0110100100 0011000000
1010110000 0100100011 1110011100 1101010110 0101101001 0010101110 0000001001 0001000111 1011010001 1111111110
4 10
1101000010 0110010001 1111111000 0111101000
1101000000 0111101010 1111111010 0110010011
4 3
101 011 010 100
000 110 001 111
8 9
010001001 010001100 010011100 101101010 101101110 101111110 101101011 010001000
101100011 010010100 101100110 101110110 101100010 010000001 010000100 010000000
2 5
10010 10110
00010 00110
7 9
010001111 001101111 101101010 010001001 010001101 001100001 001101000
011010010 000100110 011010001 111100001 111010011 101111011 011010101
10 10
1010110110 1001000101 1001011100 0000110001 0100001001 0111000111 1110111001 1001101110 0110001010 0111110010
1100100100 1011011000 0010100110 0010010011 1100111101 0011101011 0001101000 1100001111 1111010111 0101010000
5 7
0111110 1111000 0000011 1101010 0001100
0000001 1010011 1100111 1111111 1010010
6 9
110010000 111000001 001000111 001101011 000111010 000010110
110011000 000011110 110110100 001001111 111100101 111001001
4 6
110011 100111 011001 001101
001101 110011 100111 011001
4 3
010 011 110 111
011 010 110 111
10 10
1100111000 1100111110 1000000110 0111010100 0011100011 1001110001 0011000111 1010011011 0111001000 0100101101
0010101010 0010110110 1111100101 0110111001 1101111000 0110011101 0001010011 1100001111 1001000110 1001000000
7 6
110000 000010 101000 101110 111010 111000 011011
010100 011100 111111 001010 100110 011110 001100
10 10
1000111111 0111011100 0000000111 0101000010 0011111111 1010111001 0010100000 1100010100 1111100000 1101001011
0111000111 0000110101 0010110011 0110011000 0101101100 1010001011 1111001110 1001110011 1101010000 1000101100
4 10
0010110100 1101001110 0101101110 1010010100
0010110101 1101001111 1010010101 0101101111
9 8
10001011 01110110 01011101 01110001 11010000 11011111 00011000 00010111 11010111
11010110 00011001 10001010 01110000 11011110 11010001 01011100 01110111 00010110
10 10
0010100100 0001111000 1011001010 1111001100 1001110011 0110100010 0100011111 0110000001 1000011101 1101110111
0110100010 0001110011 1000111110 1100011011 1010100000 1000011101 0101110101 0011001000 0111001100 1111000111
10 10
0101000111 1010111001 1001111100 0110000111 1101001110 0000001010 1100110000 1010000101 0011110000 0111111011
1011011011 1010100101 0000010010 0011010010 0110011111 1111101001 1100010000 0001101110 1100101100 0101100101
10 10
1101011110 1010010100 0011101110 0100011101 0010011011 1100100110 1011100111 1000001101 1100011011 0101010100
1011010110 1100011100 1101100100 0100010110 1101011001 1001001111 0010101100 1010100101 0101011111 0011011001
