20
16 18 5 1 5 10 8 21 27 29 87
21995 37911 1150 1245 833 47 23529 19 74 87 95
4 4 2 2 1 0 2 1 2 3 4
24576 30148 1171 1922 740 19787 13047 34 74 34 11
490 844 318 332 275 241 434 79 99 34 80
38095 39579 180 6 1507 11485 32227 86 32 39 26
196 827 117 730 108 131 477 41 72 11 66
38850 37146 6 132 1443 28733 35729 1 38 55 58
5134 2621 141 183 1000000 2309 282 36 56 66 26
36402 39273 278 35 1000000 11371 25106 51 98 33 54
20133 29990 1305 1623 603 7664 19517 81 90 36 9
39353 39838 20565 20767 3 35517 37854 90 60 17 84
35728 35276 139 460 1000000 14745 27690 33 97 8 69
703 687 125 343 321 68 78 38 8 2 66
37637 35252 131 4 1326 1844 2265 72 38 3 79
1078 5052 143 146 1000000 857 568 15 20 2 7
39491 39608 20414 20014 3 22564 17425 7 17 95 40
6 10 3 2 2 0 0 5 4 3 2
36598 39593 9 164 1449 27518 12034 65 2 51 34
4 4 1 1 3 1 1 2 2 2 2
