100
6 661
213 225 123 206 225 225
10 158
5 66 35 138 37 145 57 82 65 157
5 445
166 342 293 223 364
10 169
94 100 69 14 133 25 89 87 36 116
9 535
47 47 213 213 532 110 532 213 364
5 682
662 288 117 595 417
10 326
43 57 108 323 58 69 291 77 305 175
5 554
343 538 470 447 221
10 314
251 67 44 166 243 1 179 144 204 99
7 304
230 128 150 232 268 208 216
4 221
148 59 135 156
10 700
1 1 1 1 1 1 1 1 1 1
6 346
284 23 220 346 16 249
10 1
1 1 1 1 1 1 1 1 1 1
3 171
71 69 154
10 302
226 264 258 250 203 144 281 151 166 114
7 293
258 79 234 28 183 182 90
10 449
317 313 265 222 131 429 417 30 60 373
6 526
283 225 283 115 283 85
10 269
64 211 109 50 252 244 162 143 201 123
4 618
410 287 504 497
10 606
243 389 334 200 258 199 559 163 424 361
10 44
41 1 39 37 26 1 4 44 42 43
10 667
53 305 262 666 11 96 553 359 338 194
10 378
351 350 207 132 183 219 272 211 16 323
10 322
214 236 219 214 50 44 210 258 300 90
8 414
76 338 368 403 46 345 69 11
10 464
316 221 464 32 112 291 422 17 395 233
6 358
33 293 134 66 326 225
10 445
215 340 327 217 170 342 222 282 267 194
6 198
144 76 122 26 54 172
8 15
6 1 8 14 14 9 7 1
10 689
13 236 192 548 168 365 459 440 160 373
7 271
251 246 194 191 238 185 202
7 254
105 114 213 126 53 149 197
8 503
197 259 284 392 404 234 229 175
6 379
284 252 252 262 185 240
10 272
163 188 194 159 229 256 2 117 104 134
10 223
50 211 207 172 100 1 117 158 150 222
4 478
167 286 269 359
10 694
367 633 686 246 618 241 176 597 171 457
10 127
114 34 119 81 54 79 89 23 9 126
10 453
359 28 323 437 365 116 181 105 415 123
5 408
348 399 371 319 305
5 499
449 134 73 111 9
3 445
69 40 437
7 381
262 143 343 321 261 334 239
5 492
367 367 247 247 367
7 690
610 610 455 380 351 455 455
10 661
3 139 229 505 29 562 540 271 150 207
10 561
200 188 199 84 228 362 478 374 363 334
8 186
3 104 183 81 83 105 82 103
10 661
519 115 227 288 561 384 550 289 369 19
6 696
362 323 676 565 453 559
4 241
113 109 108 137
8 334
195 55 138 285 49 300 312 75
8 382
96 135 96 96 102 135 46 135
9 389
162 61 326 61 61 162 235 61 235
4 263
240 144 192 256
5 506
482 195 245 480 144
9 341
140 333 338 303 301 200 213 183 162
10 104
7 83 33 71 21 45 69 97 59 35
10 615
573 1 403 545 195 231 48 13 398 356
10 617
296 470 107 106 366 436 462 366 133 599
10 473
53 413 427 215 313 306 80 123 231 114
6 642
490 571 634 533 313 599
10 121
113 97 77 51 79 98 44 70 48 68
1 69
58
10 323
40 233 270 280 248 276 260 259 234 240
8 83
16 74 62 21 9 41 67 42
3 469
340 330 426
6 412
166 93 319 411 1 246
10 671
549 21 288 412 137 181 566 166 557 597
5 698
380 366 488 560 334
8 228
80 197 172 143 190 34 1 137
8 363
60 99 231 18 18 241 18 60
10 393
111 164 229 319 282 360 74 33 273 120
6 303
127 150 283 177 154 21
1 31
27
6 618
148 466 148 487 148 24
10 462
188 221 374 268 416 250 193 1 254 100
4 694
566 494 293 441
10 504
88 494 29 131 62 465 472 18 414 291
6 372
251 343 285 283 320 257
5 669
350 267 326 229 350
10 445
262 153 27 198 42 56 105 32 129 263
6 669
574 280 280 460 460 491
5 524
497 425 319 336 314
10 585
321 34 444 390 274 329 557 508 228 269
10 376
7 108 278 273 153 147 59 161 272 294
8 658
503 487 471 572 583 571 594 530
8 270
116 203 67 154 126 158 144 112
4 237
224 208 128 125
10 550
252 201 289 102 448 261 298 259 291 349
10 73
45 68 30 11 60 51 31 27 52 6
6 306
44 234 241 112 52 165
1 28
21
5 64
6 42 7 2 58
3 528
388 476 511
3 430
415 353 25
