100
9
8329 671 520 1801 9637 296 2280 7093 7552
10
902941877 563368677 569784686 158870332 553390544 85211597 726079719 171966145 880019844 772744941
10
900144200 207848949 982496350 727620446 516462288 856264927 417539696 151046955 824271772 611297089
8
8265 4882 3675 2604 2876 1277 2355 9800
9
8001 337 3237 8837 370 6443 7810 483 6734
9
9650 1924 7312 3823 4906 493 3911 2227 7729
8
4801 2767 3919 6361 5243 4458 2314 5686
10
199 5243 2508 5020 9522 4385 8865 2049 180 9402
9
9284 9142 3388 5852 267 4370 4615 5958 7226
9
720 501 394 250 2 77 341 471 688
7
808 500 449 25 253 480 644
4
766 244 735 856
10
838 767 711 604 223 302 708 734 791 981
10
821 666 362 90 6 87 263 397 697 830
5
324979540 867855820 308554230 434330504 945605935
10
690 599 447 248 16 126 373 470 662 733
3
876 426 710
8
5368 5715 8847 3876 30 2408 23 9756
3
980489006 393830056 794469341
4
894399102 959317145 719955909 102891022
5
133 182 373 468 618
9
9058 4581 2012 8811 9175 3900 28 4373 6587
7
4052418 673555394 859490770 263521341 162602915 22348453 341565144
4
28917903 190814516 656774081 192480801
6
334172662 125994979 388241570 920034560 945406 748586442
8
3107 3054 308 2719 7852 265 2545 7209
5
341706717 542683783 961721026 38353552 714806175
4
587778495 140871732 654865676 59693951
10
5176 4785 157 3829 5242 179 6761 2762 2793 6645
9
7965 117 299 7453 6985 5414 329 2659 7755
8
8320 739 5770 6912 189 348 4030 2864
8
4414299 3113132 6558734 2332539 9516339 649567 7715446 7910149
10
434794255 634953572 718024752 348445541 300898452 454979251 754151367 482611077 943693168 66121760
7
155 176 195 521 981 894 611
7
633 273 104 44 57 183 570
9
7789 6199 4500 49 6866 2715 514 3745 8968
10
992 629 218 165 11 114 184 509 911 998
8
7557632 1410240 3297560 5931062 2770733 3379836 4837122 3975371
3
1 2 3
7
154374870 256846762 657456782 369767297 648086592 121567222 530742776
3
417 205 232
6
788956620 175247972 346901050 74834135 129710266 241653925
8
7344 1124 6951 4608 4302 4568 3426 4876
10
631792519 601321517 555429757 738244497 286924970 561547388 720022099 590475968 833740059 794058183
8
5043 24 3590 4601 363 3785 1242 9688
7
730 388 280 114 117 375 473
10
867 511 190 133 44 127 183 260 732 886
4
584 74 255 754
9
466 4081 3276 3760 2337 5884 933 4460 8561
8
888 444 59 21 54 364 565 912
5
729139632 994150094 839413508 268550125 517920590
10
621372483 302597670 854582197 952293185 412857311 834261856 162004363 196440164 980093384 287123874
9
4631 1086 2403 283 7284 3170 245 1240 330
5
949 488 101 449 780
10
2533 3851 454 5919 3911 2659 102 2066 6468 6632
5
1 8 10 3 7
10
937 724 319 291 23 121 303 580 812 948
3
900 67 826
10
8291 5514 2194 2118 3397 3897 5557 1120 2808 7111
8
361344695 693091068 1951827 937289262 178330768 382812712 684466138 894481979
1
555474301
4
92684842 706712824 204577590 136986005
10
927 843 558 524 179 459 546 678 918 949
10
6179 1130 5239 5054 4821 3079 5857 5319 9148 4734
4
197773852 193015060 586796270 789043389
10
314474212 112642667 418039261 583148021 728002544 50260903 322822340 293277775 792918744 168960019
3
133015359 883758789 737113964
7
253487029 363748050 179065213 620540576 524667262 292495876 265828203
10
9460 8521 5412 1435 2455 9128 6502 2168 9179 6503
4
358472344 722598558 443871232 525911655
10
921 864 833 669 375 495 820 860 890 933
9
125 149 236 363 690 986 925 901 764
10
3421 6811 79 210 2653 5752 5205 1075 6962 7077
10
819 661 453 302 2 17 449 590 758 946
10
7935 1915 6958 3474 4047 278 357 559 6745 8609
10
190334461 705643738 45026263 714985591 583725625 890523368 54945062 314545623 213391792 501330443
6
55 904 815 232 208 74
10
9568365 213335 9146315 6041154 1028079 2831744 6515635 680599 2752594 9766479
6
125 783 484 392 385 224
5
714861775 18472509 551861226 780195597 365681747
9
8088 6091 633 2024 8249 340 4544 5380 9073
4
25 407 908 455
10
595242292 204746592 732912790 626962799 17666347 627605170 632826777 536181639 546667396 993814543
4
759 227 527 989
3
252165200 44756968 59343427
8
9055 7774 2138 7625 8930 7642 8032 7668
3
335 961 745
9
8943 644 1652 9696 5784 7708 757 4571 157
8
996 970 589 318 263 254 104 94
10
844 399 145 47 23 44 142 201 695 931
8
2165031 951077 5707814 367096 9726075 7795328 1921161 8517003
8
7952 4856 2660 5774 6548 560 6694 6699
9
9666853 6539261 24679 634922 6388275 6134334 2400038 2236999 3052625
9
42 9515 1670 4440 6083 106 3 764 7836
10
330483759 795409518 172014887 310176195 505512235 432111934 372678299 674770487 942441936 395388001
10
876207432 730001869 713196210 428657082 258103415 590066066 648025211 870702917 393858262 483556480
10
384376753 252545817 897738281 111645458 546170140 333433311 848362255 576469098 972176982 59903127
4
18 320 953 885
4
1408511 9957378 6494077 6136059
8
5603 1852 4952 2079 4666 335 5781 124
