100
8
1 35 106 143 992 914 856 674
6
261 372 518 921 947 976
10
778 745 450 282 219 225 384 599 767 792
10
766029662 982848021 802383502 554283790 949670833 640143035 297029085 506672775 751091556 483590531
9
169 462 5199 5847 7062 3751 2679 144 6052
9
3765660 554262771 200725538 374842825 881887190 449650991 951326149 481700282 14108615
10
750 641 435 129 56 90 429 450 735 842
7
620 373 326 279 321 332 574
9
210 426 3845 482 3233 9618 3531 845 9955
10
6999 8453 5772 1182 2696 6945 1188 3520 9506 6348
4
446340835 141771987 288582064 691990969
3
717904599 150142275 995007606
4
49284 6690982 5457153 1436663
6
717946202 878582856 900313733 149588318 451626550 266144077
8
757 627 221 88 100 621 686 997
10
8182 4295 822 192 423 4294 7868 6266 1769 3099
5
117532310 645750510 45265271 359784268 869896053
10
9723 8628 7244 1819 2492 6353 6816 2976 7995 2539
8
6506 3308 4013 9331 2481 6878 1318 7214
10
922 848 588 405 196 282 407 616 855 980
6
149740739 115351472 335269649 387372189 906207042 441284035
6
701 716 726 784 965 834
10
3738 7092 4743 9108 4450 5303 4174 2642 5386 9869
10
905654304 113722976 470107619 818739657 206081280 127252192 190052782 822581514 333815534 417692077
10
7811 856 7280 6159 2136 6810 6000 1134 9021 7372
10
751 505 418 239 1 113 343 488 544 940
8
4079 2853 4974 14 63 3251 707 8965
8
2935610 1084722 4087474 1066614 7209451 3044 5104263 6507247
9
4058 9237 2426 2865 8886 137 1203 1554 9690
8
524587397 809093570 580047136 724094127 215892642 898259288 408769649 221178591
10
886501837 477040234 233603278 753744136 631997822 540924468 73287926 858133694 643492429 601785899
9
3755 4285 9012 7780 81 2625 167 202 9639
9
2912 6346 6600 9883 4212 6204 593 397 9610
10
878 715 385 107 90 98 243 502 869 944
10
759 661 329 217 69 135 305 596 687 881
7
44009723 525171579 226036440 20614935 953725999 69256416 17044424
10
772805029 251150658 173946888 831599704 364002596 111966331 965290406 612322150 285811328 312264438
8
394 267 106 7 94 253 337 432
7
345357336 63810499 269604240 55141449 121996169 41979809 300056574
10
863 837 697 412 97 351 641 767 854 964
10
946565565 544857911 745414438 389938124 997102792 835779570 859187087 524798913 577004237 802633322
10
9987 9671 799 2854 7913 8133 4446 7798 7065 7691
7
751731742 664518976 105844692 669744961 512306074 944066221 43044303
8
155719665 873904835 594311032 318606135 749925621 864896565 206993936 801068915
8
4863555 3680798 6381617 486389 7330646 6427798 4639634 6607216
10
907 756 659 220 149 154 438 717 787 954
8
119 128 156 349 956 883 872 607
9
7433 1001 449 2957 110 5754 3578 7699 196
3
1 2 3
6
12 940 907 748 664 631
9
9899 2024 6876 5267 9432 4348 386 6486 6139
3
929 458 542
6
836734916 354059066 997493144 999505446 601726761 723680923
7
77 952 814 513 268 205 136
8
8888 685 9314 8540 2629 7668 3700 5350
9
673488524 858150403 712702220 435862205 88564194 711159457 580635501 293235740 620735522
8
862 747 476 300 432 545 758 959
4
541453126 351616836 547055305 543840144
9
2773 363 8857 7207 5198 1512 1109 8037 8391
7
660 620 237 33 119 512 630
8
8537 3259 6679 7112 9371 5894 1316 9598
8
928 901 817 747 436 432 195 79
6
561588076 73255559 317506871 777162018 377990869 533436393
10
956 497 386 281 74 253 308 465 743 980
10
898 850 698 437 75 392 519 709 858 941
8
6708 1358 404 467 8009 3686 6672 2295
9
9955 9348 2018 3792 2049 269 7016 5512 6760
9
9576 1269 3844 237 2777 7385 191 2978 309
10
7284 1961 1097 5146 3503 5992 98 284 5264 4132
10
8568925 1878769 7565836 5811197 3922820 4329679 6781322 2207399 4003831 8751202
9
6813 5543 5892 1882 5369 1387 6565 150 8046
10
8930 836 1945 8483 6663 8179 1839 1035 9368 6356
10
121347238 643222103 41281550 458056618 171459758 936412602 107576047 751899176 227165844 179264304
10
8470 5726 7086 1453 8261 5470 7659 5646 4257 8968
10
201495591 187745454 892388939 234108147 162092407 302345432 975787852 861491747 762724391 784896466
8
9535676 118806 4118324 8929942 2535340 4275570 6403766 5371177
9
8406 8731 854 1995 2327 8144 7814 81 926
10
870991082 376701937 521998564 697990458 893734938 438915217 87366714 748533403 664872073 841646076
9
950 731 614 394 220 361 501 707 834
5
884 528 364 423 872
10
742030456 517688577 767921577 808657721 733406423 396901182 888174229 384029681 573976294 53624269
4
179 230 978 401
10
8139 7525 7717 2352 5378 2736 2146 9580 8811 9451
5
728 169 68 103 379
9
9014968 7407650 1232635 2064752 7405816 7330690 5019934 4517614 5875524
8
780 663 169 95 122 213 673 793
8
270 499 541 874 819 762 721 601
10
117485801 759956814 753024383 135181008 82086795 495158201 1995995 607693330 488162709 657183991
1
581829601
10
551 334 310 157 81 138 214 318 550 750
8
4831 4032 8469 237 3677 380 573 7962
8
7393 2054 3565 322 3420 4043 3293 46
4
991233433 10454952 595484656 981889704
4
861768117 812927992 146548025 447958696
10
691128048 745802867 710520173 383408466 85879519 375881904 558105048 215201542 288601764 221263622
8
4558 507 3788 2536 9695 2220 3521 2450
3
956 345 587
8
39010308 31547803 694503594 601724131 69066965 800404892 241449810 910967953
5
1 8 10 3 7
7
172626337 609423532 21747116 981422036 146612947 392988465 993790878
